1: 2 3 0 0 0.5 0.5 0 0 
1: 2 3 0 0 0.5 0.5 0 0 
1: 2 3 0 0 0.5 0.5 0 0 
2: 2 0 0 0 1 0 0 0 
2: 2 0 0 0 1 0 0 0 
2: 2 0 0 0 1 0 0 0 
3: 2 3 0 0 0.5 0.5 0 0 
3: 2 3 0 0 0.5 0.5 0 0 
3: 2 3 0 0 0.5 0.5 0 0 
4: 2 3 0 0 0.5 0.5 0 0 
4: 2 3 0 0 0.5 0.5 0 0 
4: 2 3 0 0 0.5 0.5 0 0 
5: 2 0 0 0 1 0 0 0 
5: 2 0 0 0 1 0 0 0 
5: 2 0 0 0 1 0 0 0 
6: 2 3 0 0 0.5 0.5 0 0 
6: 2 3 0 0 0.5 0.5 0 0 
6: 2 3 0 0 0.5 0.5 0 0 
7: 2 3 0 0 0.5 0.5 0 0 
7: 2 3 0 0 0.5 0.5 0 0 
7: 2 3 0 0 0.5 0.5 0 0 
8: 2 3 11 0 0.333333 0.333333 0.333333 0 
8: 2 3 11 0 0.333333 0.333333 0.333333 0 
8: 2 3 11 0 0.333333 0.333333 0.333333 0 
9: 2 3 0 0 0.5 0.5 0 0 
9: 2 3 0 0 0.5 0.5 0 0 
9: 2 3 0 0 0.5 0.5 0 0 
10: 2 3 0 0 0.5 0.5 0 0 
10: 2 3 0 0 0.5 0.5 0 0 
10: 2 3 0 0 0.5 0.5 0 0 
11: 2 3 4 0 0.333333 0.333333 0.333333 0 
11: 2 3 4 0 0.333333 0.333333 0.333333 0 
11: 2 3 4 0 0.333333 0.333333 0.333333 0 
12: 23 24 0 0 0.5 0.5 0 0 
12: 23 24 0 0 0.5 0.5 0 0 
12: 23 24 0 0 0.5 0.5 0 0 
13: 18 23 0 0 0.499999 0.500001 0 0 
13: 18 23 0 0 0.499999 0.500001 0 0 
13: 18 23 0 0 0.499999 0.500001 0 0 
14: 18 23 0 0 0.499999 0.500001 0 0 
14: 18 23 0 0 0.499999 0.500001 0 0 
14: 18 23 0 0 0.499999 0.500001 0 0 
15: 23 24 0 0 0.5 0.5 0 0 
15: 23 24 0 0 0.5 0.5 0 0 
15: 23 24 0 0 0.5 0.5 0 0 
16: 18 23 0 0 0.499999 0.500001 0 0 
16: 18 23 0 0 0.499999 0.500001 0 0 
16: 18 23 0 0 0.499999 0.500001 0 0 
17: 0 1 23 0 0.333332 0.333334 0.333334 0 
17: 0 1 23 0 0.333332 0.333334 0.333334 0 
17: 0 1 23 0 0.333332 0.333334 0.333334 0 
18: 0 1 23 0 0.333332 0.333334 0.333334 0 
18: 0 1 23 0 0.333332 0.333334 0.333334 0 
18: 0 1 23 0 0.333332 0.333334 0.333334 0 
19: 23 0 0 0 1 0 0 0 
19: 23 0 0 0 1 0 0 0 
19: 23 0 0 0 1 0 0 0 
20: 23 0 0 0 1 0 0 0 
20: 23 0 0 0 1 0 0 0 
20: 23 0 0 0 1 0 0 0 
21: 23 0 0 0 1 0 0 0 
21: 23 0 0 0 1 0 0 0 
21: 23 0 0 0 1 0 0 0 
22: 0 1 18 23 0.249999 0.250001 0.249999 0.250001 
22: 0 1 18 23 0.249999 0.250001 0.249999 0.250001 
22: 0 1 18 23 0.249999 0.250001 0.249999 0.250001 
23: 0 1 23 0 0.333332 0.333334 0.333334 0 
23: 0 1 23 0 0.333332 0.333334 0.333334 0 
23: 0 1 23 0 0.333332 0.333334 0.333334 0 
24: 23 0 0 0 1 0 0 0 
24: 23 0 0 0 1 0 0 0 
24: 23 0 0 0 1 0 0 0 
25: 0 1 23 0 0.333332 0.333334 0.333334 0 
25: 0 1 23 0 0.333332 0.333334 0.333334 0 
25: 0 1 23 0 0.333332 0.333334 0.333334 0 
26: 23 24 0 0 0.5 0.5 0 0 
26: 23 24 0 0 0.5 0.5 0 0 
26: 23 24 0 0 0.5 0.5 0 0 
27: 23 24 0 0 0.5 0.5 0 0 
27: 23 24 0 0 0.5 0.5 0 0 
27: 23 24 0 0 0.5 0.5 0 0 
28: 23 24 0 0 0.5 0.5 0 0 
28: 23 24 0 0 0.5 0.5 0 0 
28: 23 24 0 0 0.5 0.5 0 0 
29: 23 24 0 0 0.5 0.5 0 0 
29: 23 24 0 0 0.5 0.5 0 0 
29: 23 24 0 0 0.5 0.5 0 0 
30: 23 24 0 0 0.5 0.5 0 0 
30: 23 24 0 0 0.5 0.5 0 0 
30: 23 24 0 0 0.5 0.5 0 0 
31: 23 24 0 0 0.5 0.5 0 0 
31: 23 24 0 0 0.5 0.5 0 0 
31: 23 24 0 0 0.5 0.5 0 0 
32: 23 24 0 0 0.5 0.5 0 0 
32: 23 24 0 0 0.5 0.5 0 0 
32: 23 24 0 0 0.5 0.5 0 0 
33: 23 24 0 0 0.5 0.5 0 0 
33: 23 24 0 0 0.5 0.5 0 0 
33: 23 24 0 0 0.5 0.5 0 0 
34: 23 24 0 0 0.5 0.5 0 0 
34: 23 24 0 0 0.5 0.5 0 0 
34: 23 24 0 0 0.5 0.5 0 0 
35: 23 24 0 0 0.5 0.5 0 0 
35: 23 24 0 0 0.5 0.5 0 0 
35: 23 24 0 0 0.5 0.5 0 0 
36: 24 0 0 0 1 0 0 0 
36: 24 0 0 0 1 0 0 0 
36: 24 0 0 0 1 0 0 0 
37: 24 0 0 0 1 0 0 0 
37: 24 0 0 0 1 0 0 0 
37: 24 0 0 0 1 0 0 0 
38: 24 0 0 0 1 0 0 0 
38: 24 0 0 0 1 0 0 0 
38: 24 0 0 0 1 0 0 0 
39: 24 0 0 0 1 0 0 0 
39: 24 0 0 0 1 0 0 0 
39: 24 0 0 0 1 0 0 0 
40: 24 0 0 0 1 0 0 0 
40: 24 0 0 0 1 0 0 0 
40: 24 0 0 0 1 0 0 0 
41: 24 0 0 0 1 0 0 0 
41: 24 0 0 0 1 0 0 0 
41: 24 0 0 0 1 0 0 0 
42: 0 1 18 23 0.249999 0.250001 0.249999 0.250001 
42: 0 1 18 23 0.249999 0.250001 0.249999 0.250001 
42: 0 1 18 23 0.249999 0.250001 0.249999 0.250001 
43: 0 1 23 0 0.333332 0.333334 0.333334 0 
43: 0 1 23 0 0.333332 0.333334 0.333334 0 
43: 0 1 23 0 0.333332 0.333334 0.333334 0 
44: 0 1 18 23 0.249999 0.250001 0.249999 0.250001 
44: 0 1 18 23 0.249999 0.250001 0.249999 0.250001 
44: 0 1 18 23 0.249999 0.250001 0.249999 0.250001 
45: 18 19 0 0 0.499999 0.500001 0 0 
45: 18 19 0 0 0.499999 0.500001 0 0 
45: 18 19 0 0 0.499999 0.500001 0 0 
46: 18 19 0 0 0.499999 0.500001 0 0 
46: 18 19 0 0 0.499999 0.500001 0 0 
46: 18 19 0 0 0.499999 0.500001 0 0 
47: 0 1 18 0 0.333333 0.333335 0.333333 0 
47: 0 1 18 0 0.333333 0.333335 0.333333 0 
47: 0 1 18 0 0.333333 0.333335 0.333333 0 
48: 18 0 0 0 1 0 0 0 
48: 18 0 0 0 1 0 0 0 
48: 18 0 0 0 1 0 0 0 
49: 0 1 18 0 0.333333 0.333335 0.333333 0 
49: 0 1 18 0 0.333333 0.333335 0.333333 0 
49: 0 1 18 0 0.333333 0.333335 0.333333 0 
50: 18 0 0 0 1 0 0 0 
50: 18 0 0 0 1 0 0 0 
50: 18 0 0 0 1 0 0 0 
51: 0 1 18 0 0.333333 0.333335 0.333333 0 
51: 0 1 18 0 0.333333 0.333335 0.333333 0 
51: 0 1 18 0 0.333333 0.333335 0.333333 0 
52: 18 0 0 0 1 0 0 0 
52: 18 0 0 0 1 0 0 0 
52: 18 0 0 0 1 0 0 0 
53: 18 0 0 0 1 0 0 0 
53: 18 0 0 0 1 0 0 0 
53: 18 0 0 0 1 0 0 0 
54: 0 1 18 0 0.333333 0.333335 0.333333 0 
54: 0 1 18 0 0.333333 0.333335 0.333333 0 
54: 0 1 18 0 0.333333 0.333335 0.333333 0 
55: 18 19 0 0 0.499999 0.500001 0 0 
55: 18 19 0 0 0.499999 0.500001 0 0 
55: 18 19 0 0 0.499999 0.500001 0 0 
56: 18 19 0 0 0.499999 0.500001 0 0 
56: 18 19 0 0 0.499999 0.500001 0 0 
56: 18 19 0 0 0.499999 0.500001 0 0 
57: 18 19 0 0 0.499999 0.500001 0 0 
57: 18 19 0 0 0.499999 0.500001 0 0 
57: 18 19 0 0 0.499999 0.500001 0 0 
58: 18 19 0 0 0.499999 0.500001 0 0 
58: 18 19 0 0 0.499999 0.500001 0 0 
58: 18 19 0 0 0.499999 0.500001 0 0 
59: 18 19 0 0 0.499999 0.500001 0 0 
59: 18 19 0 0 0.499999 0.500001 0 0 
59: 18 19 0 0 0.499999 0.500001 0 0 
60: 18 19 0 0 0.499999 0.500001 0 0 
60: 18 19 0 0 0.499999 0.500001 0 0 
60: 18 19 0 0 0.499999 0.500001 0 0 
61: 18 19 0 0 0.499999 0.500001 0 0 
61: 18 19 0 0 0.499999 0.500001 0 0 
61: 18 19 0 0 0.499999 0.500001 0 0 
62: 18 19 0 0 0.499999 0.500001 0 0 
62: 18 19 0 0 0.499999 0.500001 0 0 
62: 18 19 0 0 0.499999 0.500001 0 0 
63: 18 19 0 0 0.499999 0.500001 0 0 
63: 18 19 0 0 0.499999 0.500001 0 0 
63: 18 19 0 0 0.499999 0.500001 0 0 
64: 18 19 0 0 0.499999 0.500001 0 0 
64: 18 19 0 0 0.499999 0.500001 0 0 
64: 18 19 0 0 0.499999 0.500001 0 0 
65: 19 0 0 0 1 0 0 0 
65: 19 0 0 0 1 0 0 0 
65: 19 0 0 0 1 0 0 0 
66: 19 0 0 0 1 0 0 0 
66: 19 0 0 0 1 0 0 0 
66: 19 0 0 0 1 0 0 0 
67: 19 0 0 0 1 0 0 0 
67: 19 0 0 0 1 0 0 0 
67: 19 0 0 0 1 0 0 0 
68: 19 0 0 0 1 0 0 0 
68: 19 0 0 0 1 0 0 0 
68: 19 0 0 0 1 0 0 0 
69: 19 0 0 0 1 0 0 0 
69: 19 0 0 0 1 0 0 0 
69: 19 0 0 0 1 0 0 0 
70: 19 0 0 0 1 0 0 0 
70: 19 0 0 0 1 0 0 0 
70: 19 0 0 0 1 0 0 0 
71: 0 1 18 0 0.333333 0.333335 0.333333 0 
71: 0 1 18 0 0.333333 0.333335 0.333333 0 
71: 0 1 18 0 0.333333 0.333335 0.333333 0 
72: 24 0 0 0 1 0 0 0 
72: 24 0 0 0 1 0 0 0 
72: 24 0 0 0 1 0 0 0 
73: 24 0 0 0 1 0 0 0 
73: 24 0 0 0 1 0 0 0 
73: 24 0 0 0 1 0 0 0 
74: 24 0 0 0 1 0 0 0 
74: 24 0 0 0 1 0 0 0 
74: 24 0 0 0 1 0 0 0 
75: 24 0 0 0 1 0 0 0 
75: 24 0 0 0 1 0 0 0 
75: 24 0 0 0 1 0 0 0 
76: 24 0 0 0 1 0 0 0 
76: 24 0 0 0 1 0 0 0 
76: 24 0 0 0 1 0 0 0 
77: 24 0 0 0 1 0 0 0 
77: 24 0 0 0 1 0 0 0 
77: 24 0 0 0 1 0 0 0 
78: 24 0 0 0 1 0 0 0 
78: 24 0 0 0 1 0 0 0 
78: 24 0 0 0 1 0 0 0 
79: 24 0 0 0 1 0 0 0 
79: 24 0 0 0 1 0 0 0 
79: 24 0 0 0 1 0 0 0 
80: 24 0 0 0 1 0 0 0 
80: 24 0 0 0 1 0 0 0 
80: 24 0 0 0 1 0 0 0 
81: 24 0 0 0 1 0 0 0 
81: 24 0 0 0 1 0 0 0 
81: 24 0 0 0 1 0 0 0 
82: 24 0 0 0 1 0 0 0 
82: 24 0 0 0 1 0 0 0 
82: 24 0 0 0 1 0 0 0 
83: 24 0 0 0 1 0 0 0 
83: 24 0 0 0 1 0 0 0 
83: 24 0 0 0 1 0 0 0 
84: 24 0 0 0 1 0 0 0 
84: 24 0 0 0 1 0 0 0 
84: 24 0 0 0 1 0 0 0 
85: 24 0 0 0 1 0 0 0 
85: 24 0 0 0 1 0 0 0 
85: 24 0 0 0 1 0 0 0 
86: 24 0 0 0 1 0 0 0 
86: 24 0 0 0 1 0 0 0 
86: 24 0 0 0 1 0 0 0 
87: 24 0 0 0 1 0 0 0 
87: 24 0 0 0 1 0 0 0 
87: 24 0 0 0 1 0 0 0 
88: 24 0 0 0 1 0 0 0 
88: 24 0 0 0 1 0 0 0 
88: 24 0 0 0 1 0 0 0 
89: 24 0 0 0 1 0 0 0 
89: 24 0 0 0 1 0 0 0 
89: 24 0 0 0 1 0 0 0 
90: 24 0 0 0 1 0 0 0 
90: 24 0 0 0 1 0 0 0 
90: 24 0 0 0 1 0 0 0 
91: 24 0 0 0 1 0 0 0 
91: 24 0 0 0 1 0 0 0 
91: 24 0 0 0 1 0 0 0 
92: 24 0 0 0 1 0 0 0 
92: 24 0 0 0 1 0 0 0 
92: 24 0 0 0 1 0 0 0 
93: 24 0 0 0 1 0 0 0 
93: 24 0 0 0 1 0 0 0 
93: 24 0 0 0 1 0 0 0 
94: 24 0 0 0 1 0 0 0 
94: 24 0 0 0 1 0 0 0 
94: 24 0 0 0 1 0 0 0 
95: 24 0 0 0 1 0 0 0 
95: 24 0 0 0 1 0 0 0 
95: 24 0 0 0 1 0 0 0 
96: 24 0 0 0 1 0 0 0 
96: 24 0 0 0 1 0 0 0 
96: 24 0 0 0 1 0 0 0 
97: 25 0 0 0 1 0 0 0 
97: 25 0 0 0 1 0 0 0 
97: 25 0 0 0 1 0 0 0 
98: 25 0 0 0 1 0 0 0 
98: 25 0 0 0 1 0 0 0 
98: 25 0 0 0 1 0 0 0 
99: 25 0 0 0 1 0 0 0 
99: 25 0 0 0 1 0 0 0 
99: 25 0 0 0 1 0 0 0 
100: 25 0 0 0 1 0 0 0 
100: 25 0 0 0 1 0 0 0 
100: 25 0 0 0 1 0 0 0 
101: 25 0 0 0 1 0 0 0 
101: 25 0 0 0 1 0 0 0 
101: 25 0 0 0 1 0 0 0 
102: 24 25 0 0 0.5 0.5 0 0 
102: 24 25 0 0 0.5 0.5 0 0 
102: 24 25 0 0 0.5 0.5 0 0 
103: 24 25 0 0 0.5 0.5 0 0 
103: 24 25 0 0 0.5 0.5 0 0 
103: 24 25 0 0 0.5 0.5 0 0 
104: 25 0 0 0 1 0 0 0 
104: 25 0 0 0 1 0 0 0 
104: 25 0 0 0 1 0 0 0 
105: 25 0 0 0 1 0 0 0 
105: 25 0 0 0 1 0 0 0 
105: 25 0 0 0 1 0 0 0 
106: 25 0 0 0 1 0 0 0 
106: 25 0 0 0 1 0 0 0 
106: 25 0 0 0 1 0 0 0 
107: 24 25 0 0 0.5 0.5 0 0 
107: 24 25 0 0 0.5 0.5 0 0 
107: 24 25 0 0 0.5 0.5 0 0 
108: 24 25 0 0 0.5 0.5 0 0 
108: 24 25 0 0 0.5 0.5 0 0 
108: 24 25 0 0 0.5 0.5 0 0 
109: 24 25 0 0 0.5 0.5 0 0 
109: 24 25 0 0 0.5 0.5 0 0 
109: 24 25 0 0 0.5 0.5 0 0 
110: 24 0 0 0 1 0 0 0 
110: 24 0 0 0 1 0 0 0 
110: 24 0 0 0 1 0 0 0 
111: 24 25 0 0 0.5 0.5 0 0 
111: 24 25 0 0 0.5 0.5 0 0 
111: 24 25 0 0 0.5 0.5 0 0 
112: 25 26 0 0 0.5 0.5 0 0 
112: 25 26 0 0 0.5 0.5 0 0 
112: 25 26 0 0 0.5 0.5 0 0 
113: 26 27 0 0 0.500001 0.499999 0 0 
113: 26 27 0 0 0.500001 0.499999 0 0 
113: 26 27 0 0 0.500001 0.499999 0 0 
114: 26 27 0 0 0.500001 0.499999 0 0 
114: 26 27 0 0 0.500001 0.499999 0 0 
114: 26 27 0 0 0.500001 0.499999 0 0 
115: 26 27 0 0 0.500001 0.499999 0 0 
115: 26 27 0 0 0.500001 0.499999 0 0 
115: 26 27 0 0 0.500001 0.499999 0 0 
116: 26 27 0 0 0.500001 0.499999 0 0 
116: 26 27 0 0 0.500001 0.499999 0 0 
116: 26 27 0 0 0.500001 0.499999 0 0 
117: 26 27 0 0 0.500001 0.499999 0 0 
117: 26 27 0 0 0.500001 0.499999 0 0 
117: 26 27 0 0 0.500001 0.499999 0 0 
118: 24 0 0 0 1 0 0 0 
118: 24 0 0 0 1 0 0 0 
118: 24 0 0 0 1 0 0 0 
119: 24 25 0 0 0.5 0.5 0 0 
119: 24 25 0 0 0.5 0.5 0 0 
119: 24 25 0 0 0.5 0.5 0 0 
120: 26 27 0 0 0.500001 0.499999 0 0 
120: 26 27 0 0 0.500001 0.499999 0 0 
120: 26 27 0 0 0.500001 0.499999 0 0 
121: 25 26 0 0 0.5 0.5 0 0 
121: 25 26 0 0 0.5 0.5 0 0 
121: 25 26 0 0 0.5 0.5 0 0 
122: 25 26 0 0 0.5 0.5 0 0 
122: 25 26 0 0 0.5 0.5 0 0 
122: 25 26 0 0 0.5 0.5 0 0 
123: 26 27 0 0 0.500001 0.499999 0 0 
123: 26 27 0 0 0.500001 0.499999 0 0 
123: 26 27 0 0 0.500001 0.499999 0 0 
124: 26 27 0 0 0.500001 0.499999 0 0 
124: 26 27 0 0 0.500001 0.499999 0 0 
124: 26 27 0 0 0.500001 0.499999 0 0 
125: 25 26 0 0 0.5 0.5 0 0 
125: 25 26 0 0 0.5 0.5 0 0 
125: 25 26 0 0 0.5 0.5 0 0 
126: 25 0 0 0 1 0 0 0 
126: 25 0 0 0 1 0 0 0 
126: 25 0 0 0 1 0 0 0 
127: 25 0 0 0 1 0 0 0 
127: 25 0 0 0 1 0 0 0 
127: 25 0 0 0 1 0 0 0 
128: 25 26 0 0 0.5 0.5 0 0 
128: 25 26 0 0 0.5 0.5 0 0 
128: 25 26 0 0 0.5 0.5 0 0 
129: 25 26 0 0 0.5 0.5 0 0 
129: 25 26 0 0 0.5 0.5 0 0 
129: 25 26 0 0 0.5 0.5 0 0 
130: 26 27 0 0 0.500001 0.499999 0 0 
130: 26 27 0 0 0.500001 0.499999 0 0 
130: 26 27 0 0 0.500001 0.499999 0 0 
131: 26 27 0 0 0.500001 0.499999 0 0 
131: 26 27 0 0 0.500001 0.499999 0 0 
131: 26 27 0 0 0.500001 0.499999 0 0 
132: 25 26 0 0 0.5 0.5 0 0 
132: 25 26 0 0 0.5 0.5 0 0 
132: 25 26 0 0 0.5 0.5 0 0 
133: 25 26 0 0 0.5 0.5 0 0 
133: 25 26 0 0 0.5 0.5 0 0 
133: 25 26 0 0 0.5 0.5 0 0 
134: 26 27 0 0 0.500001 0.499999 0 0 
134: 26 27 0 0 0.500001 0.499999 0 0 
134: 26 27 0 0 0.500001 0.499999 0 0 
135: 26 27 0 0 0.500001 0.499999 0 0 
135: 26 27 0 0 0.500001 0.499999 0 0 
135: 26 27 0 0 0.500001 0.499999 0 0 
136: 26 27 0 0 0.500001 0.499999 0 0 
136: 26 27 0 0 0.500001 0.499999 0 0 
136: 26 27 0 0 0.500001 0.499999 0 0 
137: 26 27 0 0 0.500001 0.499999 0 0 
137: 26 27 0 0 0.500001 0.499999 0 0 
137: 26 27 0 0 0.500001 0.499999 0 0 
138: 26 27 0 0 0.500001 0.499999 0 0 
138: 26 27 0 0 0.500001 0.499999 0 0 
138: 26 27 0 0 0.500001 0.499999 0 0 
139: 24 25 0 0 0.5 0.5 0 0 
139: 24 25 0 0 0.5 0.5 0 0 
139: 24 25 0 0 0.5 0.5 0 0 
140: 25 0 0 0 1 0 0 0 
140: 25 0 0 0 1 0 0 0 
140: 25 0 0 0 1 0 0 0 
141: 24 0 0 0 1 0 0 0 
141: 24 0 0 0 1 0 0 0 
141: 24 0 0 0 1 0 0 0 
142: 24 0 0 0 1 0 0 0 
142: 24 0 0 0 1 0 0 0 
142: 24 0 0 0 1 0 0 0 
143: 24 0 0 0 1 0 0 0 
143: 24 0 0 0 1 0 0 0 
143: 24 0 0 0 1 0 0 0 
144: 24 0 0 0 1 0 0 0 
144: 24 0 0 0 1 0 0 0 
144: 24 0 0 0 1 0 0 0 
145: 24 0 0 0 1 0 0 0 
145: 24 0 0 0 1 0 0 0 
145: 24 0 0 0 1 0 0 0 
146: 24 0 0 0 1 0 0 0 
146: 24 0 0 0 1 0 0 0 
146: 24 0 0 0 1 0 0 0 
147: 24 0 0 0 1 0 0 0 
147: 24 0 0 0 1 0 0 0 
147: 24 0 0 0 1 0 0 0 
148: 19 0 0 0 1 0 0 0 
148: 19 0 0 0 1 0 0 0 
148: 19 0 0 0 1 0 0 0 
149: 19 0 0 0 1 0 0 0 
149: 19 0 0 0 1 0 0 0 
149: 19 0 0 0 1 0 0 0 
150: 19 0 0 0 1 0 0 0 
150: 19 0 0 0 1 0 0 0 
150: 19 0 0 0 1 0 0 0 
151: 19 0 0 0 1 0 0 0 
151: 19 0 0 0 1 0 0 0 
151: 19 0 0 0 1 0 0 0 
152: 19 0 0 0 1 0 0 0 
152: 19 0 0 0 1 0 0 0 
152: 19 0 0 0 1 0 0 0 
153: 19 0 0 0 1 0 0 0 
153: 19 0 0 0 1 0 0 0 
153: 19 0 0 0 1 0 0 0 
154: 19 0 0 0 1 0 0 0 
154: 19 0 0 0 1 0 0 0 
154: 19 0 0 0 1 0 0 0 
155: 19 0 0 0 1 0 0 0 
155: 19 0 0 0 1 0 0 0 
155: 19 0 0 0 1 0 0 0 
156: 19 0 0 0 1 0 0 0 
156: 19 0 0 0 1 0 0 0 
156: 19 0 0 0 1 0 0 0 
157: 19 0 0 0 1 0 0 0 
157: 19 0 0 0 1 0 0 0 
157: 19 0 0 0 1 0 0 0 
158: 19 0 0 0 1 0 0 0 
158: 19 0 0 0 1 0 0 0 
158: 19 0 0 0 1 0 0 0 
159: 19 0 0 0 1 0 0 0 
159: 19 0 0 0 1 0 0 0 
159: 19 0 0 0 1 0 0 0 
160: 19 0 0 0 1 0 0 0 
160: 19 0 0 0 1 0 0 0 
160: 19 0 0 0 1 0 0 0 
161: 19 0 0 0 1 0 0 0 
161: 19 0 0 0 1 0 0 0 
161: 19 0 0 0 1 0 0 0 
162: 19 0 0 0 1 0 0 0 
162: 19 0 0 0 1 0 0 0 
162: 19 0 0 0 1 0 0 0 
163: 19 0 0 0 1 0 0 0 
163: 19 0 0 0 1 0 0 0 
163: 19 0 0 0 1 0 0 0 
164: 19 0 0 0 1 0 0 0 
164: 19 0 0 0 1 0 0 0 
164: 19 0 0 0 1 0 0 0 
165: 19 0 0 0 1 0 0 0 
165: 19 0 0 0 1 0 0 0 
165: 19 0 0 0 1 0 0 0 
166: 19 0 0 0 1 0 0 0 
166: 19 0 0 0 1 0 0 0 
166: 19 0 0 0 1 0 0 0 
167: 19 0 0 0 1 0 0 0 
167: 19 0 0 0 1 0 0 0 
167: 19 0 0 0 1 0 0 0 
168: 19 0 0 0 1 0 0 0 
168: 19 0 0 0 1 0 0 0 
168: 19 0 0 0 1 0 0 0 
169: 19 0 0 0 1 0 0 0 
169: 19 0 0 0 1 0 0 0 
169: 19 0 0 0 1 0 0 0 
170: 19 0 0 0 1 0 0 0 
170: 19 0 0 0 1 0 0 0 
170: 19 0 0 0 1 0 0 0 
171: 19 0 0 0 1 0 0 0 
171: 19 0 0 0 1 0 0 0 
171: 19 0 0 0 1 0 0 0 
172: 19 0 0 0 1 0 0 0 
172: 19 0 0 0 1 0 0 0 
172: 19 0 0 0 1 0 0 0 
173: 20 0 0 0 1 0 0 0 
173: 20 0 0 0 1 0 0 0 
173: 20 0 0 0 1 0 0 0 
174: 20 0 0 0 1 0 0 0 
174: 20 0 0 0 1 0 0 0 
174: 20 0 0 0 1 0 0 0 
175: 20 0 0 0 1 0 0 0 
175: 20 0 0 0 1 0 0 0 
175: 20 0 0 0 1 0 0 0 
176: 20 0 0 0 1 0 0 0 
176: 20 0 0 0 1 0 0 0 
176: 20 0 0 0 1 0 0 0 
177: 20 0 0 0 1 0 0 0 
177: 20 0 0 0 1 0 0 0 
177: 20 0 0 0 1 0 0 0 
178: 19 20 0 0 0.5 0.5 0 0 
178: 19 20 0 0 0.5 0.5 0 0 
178: 19 20 0 0 0.5 0.5 0 0 
179: 20 0 0 0 1 0 0 0 
179: 20 0 0 0 1 0 0 0 
179: 20 0 0 0 1 0 0 0 
180: 19 20 0 0 0.5 0.5 0 0 
180: 19 20 0 0 0.5 0.5 0 0 
180: 19 20 0 0 0.5 0.5 0 0 
181: 20 0 0 0 1 0 0 0 
181: 20 0 0 0 1 0 0 0 
181: 20 0 0 0 1 0 0 0 
182: 19 20 0 0 0.5 0.5 0 0 
182: 19 20 0 0 0.5 0.5 0 0 
182: 19 20 0 0 0.5 0.5 0 0 
183: 20 0 0 0 1 0 0 0 
183: 20 0 0 0 1 0 0 0 
183: 20 0 0 0 1 0 0 0 
184: 19 20 0 0 0.5 0.5 0 0 
184: 19 20 0 0 0.5 0.5 0 0 
184: 19 20 0 0 0.5 0.5 0 0 
185: 19 20 0 0 0.5 0.5 0 0 
185: 19 20 0 0 0.5 0.5 0 0 
185: 19 20 0 0 0.5 0.5 0 0 
186: 19 0 0 0 1 0 0 0 
186: 19 0 0 0 1 0 0 0 
186: 19 0 0 0 1 0 0 0 
187: 19 20 0 0 0.5 0.5 0 0 
187: 19 20 0 0 0.5 0.5 0 0 
187: 19 20 0 0 0.5 0.5 0 0 
188: 20 21 0 0 0.5 0.5 0 0 
188: 20 21 0 0 0.5 0.5 0 0 
188: 20 21 0 0 0.5 0.5 0 0 
189: 21 22 0 0 0.500001 0.499999 0 0 
189: 21 22 0 0 0.500001 0.499999 0 0 
189: 21 22 0 0 0.500001 0.499999 0 0 
190: 21 22 0 0 0.500001 0.499999 0 0 
190: 21 22 0 0 0.500001 0.499999 0 0 
190: 21 22 0 0 0.500001 0.499999 0 0 
191: 21 22 0 0 0.500001 0.499999 0 0 
191: 21 22 0 0 0.500001 0.499999 0 0 
191: 21 22 0 0 0.500001 0.499999 0 0 
192: 21 22 0 0 0.500001 0.499999 0 0 
192: 21 22 0 0 0.500001 0.499999 0 0 
192: 21 22 0 0 0.500001 0.499999 0 0 
193: 21 22 0 0 0.500001 0.499999 0 0 
193: 21 22 0 0 0.500001 0.499999 0 0 
193: 21 22 0 0 0.500001 0.499999 0 0 
194: 19 0 0 0 1 0 0 0 
194: 19 0 0 0 1 0 0 0 
194: 19 0 0 0 1 0 0 0 
195: 19 20 0 0 0.5 0.5 0 0 
195: 19 20 0 0 0.5 0.5 0 0 
195: 19 20 0 0 0.5 0.5 0 0 
196: 21 22 0 0 0.500001 0.499999 0 0 
196: 21 22 0 0 0.500001 0.499999 0 0 
196: 21 22 0 0 0.500001 0.499999 0 0 
197: 20 21 0 0 0.5 0.5 0 0 
197: 20 21 0 0 0.5 0.5 0 0 
197: 20 21 0 0 0.5 0.5 0 0 
198: 20 21 0 0 0.5 0.5 0 0 
198: 20 21 0 0 0.5 0.5 0 0 
198: 20 21 0 0 0.5 0.5 0 0 
199: 21 22 0 0 0.500001 0.499999 0 0 
199: 21 22 0 0 0.500001 0.499999 0 0 
199: 21 22 0 0 0.500001 0.499999 0 0 
200: 21 22 0 0 0.500001 0.499999 0 0 
200: 21 22 0 0 0.500001 0.499999 0 0 
200: 21 22 0 0 0.500001 0.499999 0 0 
201: 20 21 0 0 0.5 0.5 0 0 
201: 20 21 0 0 0.5 0.5 0 0 
201: 20 21 0 0 0.5 0.5 0 0 
202: 20 0 0 0 1 0 0 0 
202: 20 0 0 0 1 0 0 0 
202: 20 0 0 0 1 0 0 0 
203: 20 0 0 0 1 0 0 0 
203: 20 0 0 0 1 0 0 0 
203: 20 0 0 0 1 0 0 0 
204: 20 21 0 0 0.5 0.5 0 0 
204: 20 21 0 0 0.5 0.5 0 0 
204: 20 21 0 0 0.5 0.5 0 0 
205: 20 21 0 0 0.5 0.5 0 0 
205: 20 21 0 0 0.5 0.5 0 0 
205: 20 21 0 0 0.5 0.5 0 0 
206: 21 22 0 0 0.500001 0.499999 0 0 
206: 21 22 0 0 0.500001 0.499999 0 0 
206: 21 22 0 0 0.500001 0.499999 0 0 
207: 21 22 0 0 0.500001 0.499999 0 0 
207: 21 22 0 0 0.500001 0.499999 0 0 
207: 21 22 0 0 0.500001 0.499999 0 0 
208: 20 21 0 0 0.5 0.5 0 0 
208: 20 21 0 0 0.5 0.5 0 0 
208: 20 21 0 0 0.5 0.5 0 0 
209: 20 21 0 0 0.5 0.5 0 0 
209: 20 21 0 0 0.5 0.5 0 0 
209: 20 21 0 0 0.5 0.5 0 0 
210: 21 22 0 0 0.500001 0.499999 0 0 
210: 21 22 0 0 0.500001 0.499999 0 0 
210: 21 22 0 0 0.500001 0.499999 0 0 
211: 21 22 0 0 0.500001 0.499999 0 0 
211: 21 22 0 0 0.500001 0.499999 0 0 
211: 21 22 0 0 0.500001 0.499999 0 0 
212: 21 22 0 0 0.500001 0.499999 0 0 
212: 21 22 0 0 0.500001 0.499999 0 0 
212: 21 22 0 0 0.500001 0.499999 0 0 
213: 21 22 0 0 0.500001 0.499999 0 0 
213: 21 22 0 0 0.500001 0.499999 0 0 
213: 21 22 0 0 0.500001 0.499999 0 0 
214: 21 22 0 0 0.500001 0.499999 0 0 
214: 21 22 0 0 0.500001 0.499999 0 0 
214: 21 22 0 0 0.500001 0.499999 0 0 
215: 19 20 0 0 0.5 0.5 0 0 
215: 19 20 0 0 0.5 0.5 0 0 
215: 19 20 0 0 0.5 0.5 0 0 
216: 20 0 0 0 1 0 0 0 
216: 20 0 0 0 1 0 0 0 
216: 20 0 0 0 1 0 0 0 
217: 19 0 0 0 1 0 0 0 
217: 19 0 0 0 1 0 0 0 
217: 19 0 0 0 1 0 0 0 
218: 19 0 0 0 1 0 0 0 
218: 19 0 0 0 1 0 0 0 
218: 19 0 0 0 1 0 0 0 
219: 19 0 0 0 1 0 0 0 
219: 19 0 0 0 1 0 0 0 
219: 19 0 0 0 1 0 0 0 
220: 19 0 0 0 1 0 0 0 
220: 19 0 0 0 1 0 0 0 
220: 19 0 0 0 1 0 0 0 
221: 19 0 0 0 1 0 0 0 
221: 19 0 0 0 1 0 0 0 
221: 19 0 0 0 1 0 0 0 
222: 19 0 0 0 1 0 0 0 
222: 19 0 0 0 1 0 0 0 
222: 19 0 0 0 1 0 0 0 
223: 19 0 0 0 1 0 0 0 
223: 19 0 0 0 1 0 0 0 
223: 19 0 0 0 1 0 0 0 
224: 2 4 0 0 0.5 0.5 0 0 
224: 2 4 0 0 0.5 0.5 0 0 
224: 2 4 0 0 0.5 0.5 0 0 
225: 2 4 0 0 0.5 0.5 0 0 
225: 2 4 0 0 0.5 0.5 0 0 
225: 2 4 0 0 0.5 0.5 0 0 
226: 2 4 0 0 0.5 0.5 0 0 
226: 2 4 0 0 0.5 0.5 0 0 
226: 2 4 0 0 0.5 0.5 0 0 
227: 1 2 0 0 0.500001 0.499999 0 0 
227: 1 2 0 0 0.500001 0.499999 0 0 
227: 1 2 0 0 0.500001 0.499999 0 0 
228: 2 11 0 0 0.5 0.5 0 0 
228: 2 11 0 0 0.5 0.5 0 0 
228: 2 11 0 0 0.5 0.5 0 0 
229: 2 11 0 0 0.5 0.5 0 0 
229: 2 11 0 0 0.5 0.5 0 0 
229: 2 11 0 0 0.5 0.5 0 0 
230: 2 11 0 0 0.5 0.5 0 0 
230: 2 11 0 0 0.5 0.5 0 0 
230: 2 11 0 0 0.5 0.5 0 0 
231: 1 2 0 0 0.500001 0.499999 0 0 
231: 1 2 0 0 0.500001 0.499999 0 0 
231: 1 2 0 0 0.500001 0.499999 0 0 
232: 23 0 0 0 1 0 0 0 
232: 23 0 0 0 1 0 0 0 
232: 23 0 0 0 1 0 0 0 
233: 0 1 23 0 0.333332 0.333334 0.333334 0 
233: 0 1 23 0 0.333332 0.333334 0.333334 0 
233: 0 1 23 0 0.333332 0.333334 0.333334 0 
234: 0 1 23 0 0.333332 0.333334 0.333334 0 
234: 0 1 23 0 0.333332 0.333334 0.333334 0 
234: 0 1 23 0 0.333332 0.333334 0.333334 0 
235: 23 0 0 0 1 0 0 0 
235: 23 0 0 0 1 0 0 0 
235: 23 0 0 0 1 0 0 0 
236: 18 0 0 0 1 0 0 0 
236: 18 0 0 0 1 0 0 0 
236: 18 0 0 0 1 0 0 0 
237: 0 1 18 0 0.333333 0.333335 0.333333 0 
237: 0 1 18 0 0.333333 0.333335 0.333333 0 
237: 0 1 18 0 0.333333 0.333335 0.333333 0 
238: 18 0 0 0 1 0 0 0 
238: 18 0 0 0 1 0 0 0 
238: 18 0 0 0 1 0 0 0 
239: 0 1 18 0 0.333333 0.333335 0.333333 0 
239: 0 1 18 0 0.333333 0.333335 0.333333 0 
239: 0 1 18 0 0.333333 0.333335 0.333333 0 
240: 23 24 0 0 0.5 0.5 0 0 
240: 23 24 0 0 0.5 0.5 0 0 
240: 23 24 0 0 0.5 0.5 0 0 
241: 23 0 0 0 1 0 0 0 
241: 23 0 0 0 1 0 0 0 
241: 23 0 0 0 1 0 0 0 
242: 23 24 0 0 0.5 0.5 0 0 
242: 23 24 0 0 0.5 0.5 0 0 
242: 23 24 0 0 0.5 0.5 0 0 
243: 18 19 0 0 0.499999 0.500001 0 0 
243: 18 19 0 0 0.499999 0.500001 0 0 
243: 18 19 0 0 0.499999 0.500001 0 0 
244: 18 19 0 0 0.499999 0.500001 0 0 
244: 18 19 0 0 0.499999 0.500001 0 0 
244: 18 19 0 0 0.499999 0.500001 0 0 
245: 18 0 0 0 1 0 0 0 
245: 18 0 0 0 1 0 0 0 
245: 18 0 0 0 1 0 0 0 
246: 0 1 23 0 0.333332 0.333334 0.333334 0 
246: 0 1 23 0 0.333332 0.333334 0.333334 0 
246: 0 1 23 0 0.333332 0.333334 0.333334 0 
247: 0 1 18 0 0.333333 0.333335 0.333333 0 
247: 0 1 18 0 0.333333 0.333335 0.333333 0 
247: 0 1 18 0 0.333333 0.333335 0.333333 0 
248: 2 0 0 0 1 0 0 0 
248: 2 0 0 0 1 0 0 0 
248: 2 0 0 0 1 0 0 0 
249: 0 1 18 0 0.333333 0.333335 0.333333 0 
249: 0 1 18 0 0.333333 0.333335 0.333333 0 
249: 0 1 18 0 0.333333 0.333335 0.333333 0 
250: 0 1 18 0 0.333333 0.333335 0.333333 0 
250: 0 1 18 0 0.333333 0.333335 0.333333 0 
250: 0 1 18 0 0.333333 0.333335 0.333333 0 
251: 1 2 18 0 0.333334 0.333333 0.333333 0 
251: 1 2 18 0 0.333334 0.333333 0.333333 0 
251: 1 2 18 0 0.333334 0.333333 0.333333 0 
252: 2 0 0 0 1 0 0 0 
252: 2 0 0 0 1 0 0 0 
252: 2 0 0 0 1 0 0 0 
253: 0 1 23 0 0.333332 0.333334 0.333334 0 
253: 0 1 23 0 0.333332 0.333334 0.333334 0 
253: 0 1 23 0 0.333332 0.333334 0.333334 0 
254: 1 2 23 0 0.333334 0.333332 0.333334 0 
254: 1 2 23 0 0.333334 0.333332 0.333334 0 
254: 1 2 23 0 0.333334 0.333332 0.333334 0 
255: 0 1 23 0 0.333332 0.333334 0.333334 0 
255: 0 1 23 0 0.333332 0.333334 0.333334 0 
255: 0 1 23 0 0.333332 0.333334 0.333334 0 
256: 0 23 0 0 0.499999 0.500001 0 0 
256: 0 23 0 0 0.499999 0.500001 0 0 
256: 0 23 0 0 0.499999 0.500001 0 0 
257: 0 1 18 23 0.249999 0.250001 0.249999 0.250001 
257: 0 1 18 23 0.249999 0.250001 0.249999 0.250001 
257: 0 1 18 23 0.249999 0.250001 0.249999 0.250001 
258: 0 23 0 0 0.499999 0.500001 0 0 
258: 0 23 0 0 0.499999 0.500001 0 0 
258: 0 23 0 0 0.499999 0.500001 0 0 
259: 0 18 0 0 0.5 0.5 0 0 
259: 0 18 0 0 0.5 0.5 0 0 
259: 0 18 0 0 0.5 0.5 0 0 
260: 0 18 0 0 0.5 0.5 0 0 
260: 0 18 0 0 0.5 0.5 0 0 
260: 0 18 0 0 0.5 0.5 0 0 
261: 18 0 0 0 1 0 0 0 
261: 18 0 0 0 1 0 0 0 
261: 18 0 0 0 1 0 0 0 
262: 23 0 0 0 1 0 0 0 
262: 23 0 0 0 1 0 0 0 
262: 23 0 0 0 1 0 0 0 
263: 18 19 0 0 0.499999 0.500001 0 0 
263: 18 19 0 0 0.499999 0.500001 0 0 
263: 18 19 0 0 0.499999 0.500001 0 0 
264: 18 19 0 0 0.499999 0.500001 0 0 
264: 18 19 0 0 0.499999 0.500001 0 0 
264: 18 19 0 0 0.499999 0.500001 0 0 
265: 23 24 0 0 0.5 0.5 0 0 
265: 23 24 0 0 0.5 0.5 0 0 
265: 23 24 0 0 0.5 0.5 0 0 
266: 23 24 0 0 0.5 0.5 0 0 
266: 23 24 0 0 0.5 0.5 0 0 
266: 23 24 0 0 0.5 0.5 0 0 
267: 2 3 4 0 0.333333 0.333333 0.333333 0 
267: 2 3 4 0 0.333333 0.333333 0.333333 0 
267: 2 3 4 0 0.333333 0.333333 0.333333 0 
268: 2 4 0 0 0.5 0.5 0 0 
268: 2 4 0 0 0.5 0.5 0 0 
268: 2 4 0 0 0.5 0.5 0 0 
269: 2 4 0 0 0.5 0.5 0 0 
269: 2 4 0 0 0.5 0.5 0 0 
269: 2 4 0 0 0.5 0.5 0 0 
270: 2 3 0 0 0.5 0.5 0 0 
270: 2 3 0 0 0.5 0.5 0 0 
270: 2 3 0 0 0.5 0.5 0 0 
271: 2 3 11 0 0.333333 0.333333 0.333333 0 
271: 2 3 11 0 0.333333 0.333333 0.333333 0 
271: 2 3 11 0 0.333333 0.333333 0.333333 0 
272: 2 11 0 0 0.5 0.5 0 0 
272: 2 11 0 0 0.5 0.5 0 0 
272: 2 11 0 0 0.5 0.5 0 0 
273: 2 3 0 0 0.5 0.5 0 0 
273: 2 3 0 0 0.5 0.5 0 0 
273: 2 3 0 0 0.5 0.5 0 0 
274: 2 11 0 0 0.5 0.5 0 0 
274: 2 11 0 0 0.5 0.5 0 0 
274: 2 11 0 0 0.5 0.5 0 0 
275: 2 0 0 0 1 0 0 0 
275: 2 0 0 0 1 0 0 0 
275: 2 0 0 0 1 0 0 0 
276: 1 2 11 0 0.333334 0.333333 0.333333 0 
276: 1 2 11 0 0.333334 0.333333 0.333333 0 
276: 1 2 11 0 0.333334 0.333333 0.333333 0 
277: 2 0 0 0 1 0 0 0 
277: 2 0 0 0 1 0 0 0 
277: 2 0 0 0 1 0 0 0 
278: 2 11 0 0 0.5 0.5 0 0 
278: 2 11 0 0 0.5 0.5 0 0 
278: 2 11 0 0 0.5 0.5 0 0 
279: 2 0 0 0 1 0 0 0 
279: 2 0 0 0 1 0 0 0 
279: 2 0 0 0 1 0 0 0 
280: 1 2 4 0 0.333334 0.333333 0.333333 0 
280: 1 2 4 0 0.333334 0.333333 0.333333 0 
280: 1 2 4 0 0.333334 0.333333 0.333333 0 
281: 2 0 0 0 1 0 0 0 
281: 2 0 0 0 1 0 0 0 
281: 2 0 0 0 1 0 0 0 
282: 2 0 0 0 1 0 0 0 
282: 2 0 0 0 1 0 0 0 
282: 2 0 0 0 1 0 0 0 
283: 2 4 0 0 0.5 0.5 0 0 
283: 2 4 0 0 0.5 0.5 0 0 
283: 2 4 0 0 0.5 0.5 0 0 
284: 4 5 0 0 0.5 0.5 0 0 
284: 4 5 0 0 0.5 0.5 0 0 
284: 4 5 0 0 0.5 0.5 0 0 
285: 4 5 0 0 0.5 0.5 0 0 
285: 4 5 0 0 0.5 0.5 0 0 
285: 4 5 0 0 0.5 0.5 0 0 
286: 11 12 0 0 0.5 0.5 0 0 
286: 11 12 0 0 0.5 0.5 0 0 
286: 11 12 0 0 0.5 0.5 0 0 
287: 11 12 0 0 0.5 0.5 0 0 
287: 11 12 0 0 0.5 0.5 0 0 
287: 11 12 0 0 0.5 0.5 0 0 
288: 11 12 0 0 0.5 0.5 0 0 
288: 11 12 0 0 0.5 0.5 0 0 
288: 11 12 0 0 0.5 0.5 0 0 
289: 11 12 0 0 0.5 0.5 0 0 
289: 11 12 0 0 0.5 0.5 0 0 
289: 11 12 0 0 0.5 0.5 0 0 
290: 4 5 0 0 0.5 0.5 0 0 
290: 4 5 0 0 0.5 0.5 0 0 
290: 4 5 0 0 0.5 0.5 0 0 
291: 4 5 0 0 0.5 0.5 0 0 
291: 4 5 0 0 0.5 0.5 0 0 
291: 4 5 0 0 0.5 0.5 0 0 
292: 6 7 0 0 0.5 0.5 0 0 
292: 6 7 0 0 0.5 0.5 0 0 
292: 6 7 0 0 0.5 0.5 0 0 
293: 7 8 0 0 0.5 0.5 0 0 
293: 7 8 0 0 0.5 0.5 0 0 
293: 7 8 0 0 0.5 0.5 0 0 
294: 9 0 0 0 1 0 0 0 
294: 9 0 0 0 1 0 0 0 
294: 9 0 0 0 1 0 0 0 
295: 5 6 0 0 0.499999 0.500001 0 0 
295: 5 6 0 0 0.499999 0.500001 0 0 
295: 5 6 0 0 0.499999 0.500001 0 0 
296: 6 0 0 0 1 0 0 0 
296: 6 0 0 0 1 0 0 0 
296: 6 0 0 0 1 0 0 0 
297: 6 0 0 0 1 0 0 0 
297: 6 0 0 0 1 0 0 0 
297: 6 0 0 0 1 0 0 0 
298: 6 7 0 0 0.5 0.5 0 0 
298: 6 7 0 0 0.5 0.5 0 0 
298: 6 7 0 0 0.5 0.5 0 0 
299: 5 6 0 0 0.499999 0.500001 0 0 
299: 5 6 0 0 0.499999 0.500001 0 0 
299: 5 6 0 0 0.499999 0.500001 0 0 
300: 5 6 7 0 0.333333 0.333334 0.333334 0 
300: 5 6 7 0 0.333333 0.333334 0.333334 0 
300: 5 6 7 0 0.333333 0.333334 0.333334 0 
301: 7 8 0 0 0.5 0.5 0 0 
301: 7 8 0 0 0.5 0.5 0 0 
301: 7 8 0 0 0.5 0.5 0 0 
302: 7 8 0 0 0.5 0.5 0 0 
302: 7 8 0 0 0.5 0.5 0 0 
302: 7 8 0 0 0.5 0.5 0 0 
303: 7 8 0 0 0.5 0.5 0 0 
303: 7 8 0 0 0.5 0.5 0 0 
303: 7 8 0 0 0.5 0.5 0 0 
304: 8 0 0 0 1 0 0 0 
304: 8 0 0 0 1 0 0 0 
304: 8 0 0 0 1 0 0 0 
305: 8 0 0 0 1 0 0 0 
305: 8 0 0 0 1 0 0 0 
305: 8 0 0 0 1 0 0 0 
306: 8 0 0 0 1 0 0 0 
306: 8 0 0 0 1 0 0 0 
306: 8 0 0 0 1 0 0 0 
307: 9 0 0 0 1 0 0 0 
307: 9 0 0 0 1 0 0 0 
307: 9 0 0 0 1 0 0 0 
308: 9 10 0 0 0.499999 0.500001 0 0 
308: 9 10 0 0 0.499999 0.500001 0 0 
308: 9 10 0 0 0.499999 0.500001 0 0 
309: 9 10 0 0 0.499999 0.500001 0 0 
309: 9 10 0 0 0.499999 0.500001 0 0 
309: 9 10 0 0 0.499999 0.500001 0 0 
310: 9 0 0 0 1 0 0 0 
310: 9 0 0 0 1 0 0 0 
310: 9 0 0 0 1 0 0 0 
311: 9 0 0 0 1 0 0 0 
311: 9 0 0 0 1 0 0 0 
311: 9 0 0 0 1 0 0 0 
312: 6 0 0 0 1 0 0 0 
312: 6 0 0 0 1 0 0 0 
312: 6 0 0 0 1 0 0 0 
313: 6 0 0 0 1 0 0 0 
313: 6 0 0 0 1 0 0 0 
313: 6 0 0 0 1 0 0 0 
314: 9 10 0 0 0.499999 0.500001 0 0 
314: 9 10 0 0 0.499999 0.500001 0 0 
314: 9 10 0 0 0.499999 0.500001 0 0 
315: 9 0 0 0 1 0 0 0 
315: 9 0 0 0 1 0 0 0 
315: 9 0 0 0 1 0 0 0 
316: 9 10 0 0 0.499999 0.500001 0 0 
316: 9 10 0 0 0.499999 0.500001 0 0 
316: 9 10 0 0 0.499999 0.500001 0 0 
317: 9 10 0 0 0.499999 0.500001 0 0 
317: 9 10 0 0 0.499999 0.500001 0 0 
317: 9 10 0 0 0.499999 0.500001 0 0 
318: 9 10 0 0 0.499999 0.500001 0 0 
318: 9 10 0 0 0.499999 0.500001 0 0 
318: 9 10 0 0 0.499999 0.500001 0 0 
319: 8 0 0 0 1 0 0 0 
319: 8 0 0 0 1 0 0 0 
319: 8 0 0 0 1 0 0 0 
320: 8 0 0 0 1 0 0 0 
320: 8 0 0 0 1 0 0 0 
320: 8 0 0 0 1 0 0 0 
321: 8 0 0 0 1 0 0 0 
321: 8 0 0 0 1 0 0 0 
321: 8 0 0 0 1 0 0 0 
322: 8 0 0 0 1 0 0 0 
322: 8 0 0 0 1 0 0 0 
322: 8 0 0 0 1 0 0 0 
323: 9 10 0 0 0.499999 0.500001 0 0 
323: 9 10 0 0 0.499999 0.500001 0 0 
323: 9 10 0 0 0.499999 0.500001 0 0 
324: 5 6 0 0 0.499999 0.500001 0 0 
324: 5 6 0 0 0.499999 0.500001 0 0 
324: 5 6 0 0 0.499999 0.500001 0 0 
325: 5 6 0 0 0.499999 0.500001 0 0 
325: 5 6 0 0 0.499999 0.500001 0 0 
325: 5 6 0 0 0.499999 0.500001 0 0 
326: 5 6 7 0 0.333333 0.333334 0.333334 0 
326: 5 6 7 0 0.333333 0.333334 0.333334 0 
326: 5 6 7 0 0.333333 0.333334 0.333334 0 
327: 8 0 0 0 1 0 0 0 
327: 8 0 0 0 1 0 0 0 
327: 8 0 0 0 1 0 0 0 
328: 7 8 0 0 0.5 0.5 0 0 
328: 7 8 0 0 0.5 0.5 0 0 
328: 7 8 0 0 0.5 0.5 0 0 
329: 7 8 0 0 0.5 0.5 0 0 
329: 7 8 0 0 0.5 0.5 0 0 
329: 7 8 0 0 0.5 0.5 0 0 
330: 8 0 0 0 1 0 0 0 
330: 8 0 0 0 1 0 0 0 
330: 8 0 0 0 1 0 0 0 
331: 8 0 0 0 1 0 0 0 
331: 8 0 0 0 1 0 0 0 
331: 8 0 0 0 1 0 0 0 
332: 8 0 0 0 1 0 0 0 
332: 8 0 0 0 1 0 0 0 
332: 8 0 0 0 1 0 0 0 
333: 8 0 0 0 1 0 0 0 
333: 8 0 0 0 1 0 0 0 
333: 8 0 0 0 1 0 0 0 
334: 9 10 0 0 0.499999 0.500001 0 0 
334: 9 10 0 0 0.499999 0.500001 0 0 
334: 9 10 0 0 0.499999 0.500001 0 0 
335: 9 10 0 0 0.499999 0.500001 0 0 
335: 9 10 0 0 0.499999 0.500001 0 0 
335: 9 10 0 0 0.499999 0.500001 0 0 
336: 9 10 0 0 0.499999 0.500001 0 0 
336: 9 10 0 0 0.499999 0.500001 0 0 
336: 9 10 0 0 0.499999 0.500001 0 0 
337: 9 10 0 0 0.499999 0.500001 0 0 
337: 9 10 0 0 0.499999 0.500001 0 0 
337: 9 10 0 0 0.499999 0.500001 0 0 
338: 9 0 0 0 1 0 0 0 
338: 9 0 0 0 1 0 0 0 
338: 9 0 0 0 1 0 0 0 
339: 9 0 0 0 1 0 0 0 
339: 9 0 0 0 1 0 0 0 
339: 9 0 0 0 1 0 0 0 
340: 9 10 0 0 0.499999 0.500001 0 0 
340: 9 10 0 0 0.499999 0.500001 0 0 
340: 9 10 0 0 0.499999 0.500001 0 0 
341: 9 10 0 0 0.499999 0.500001 0 0 
341: 9 10 0 0 0.499999 0.500001 0 0 
341: 9 10 0 0 0.499999 0.500001 0 0 
342: 9 0 0 0 1 0 0 0 
342: 9 0 0 0 1 0 0 0 
342: 9 0 0 0 1 0 0 0 
343: 5 6 7 0 0.333333 0.333334 0.333334 0 
343: 5 6 7 0 0.333333 0.333334 0.333334 0 
343: 5 6 7 0 0.333333 0.333334 0.333334 0 
344: 5 6 7 0 0.333333 0.333334 0.333334 0 
344: 5 6 7 0 0.333333 0.333334 0.333334 0 
344: 5 6 7 0 0.333333 0.333334 0.333334 0 
345: 9 10 0 0 0.499999 0.500001 0 0 
345: 9 10 0 0 0.499999 0.500001 0 0 
345: 9 10 0 0 0.499999 0.500001 0 0 
346: 9 0 0 0 1 0 0 0 
346: 9 0 0 0 1 0 0 0 
346: 9 0 0 0 1 0 0 0 
347: 9 0 0 0 1 0 0 0 
347: 9 0 0 0 1 0 0 0 
347: 9 0 0 0 1 0 0 0 
348: 8 0 0 0 1 0 0 0 
348: 8 0 0 0 1 0 0 0 
348: 8 0 0 0 1 0 0 0 
349: 8 0 0 0 1 0 0 0 
349: 8 0 0 0 1 0 0 0 
349: 8 0 0 0 1 0 0 0 
350: 13 14 15 0 0.333333 0.333333 0.333333 0 
350: 13 14 15 0 0.333333 0.333333 0.333333 0 
350: 13 14 15 0 0.333333 0.333333 0.333333 0 
351: 13 16 0 0 0.5 0.5 0 0 
351: 13 16 0 0 0.5 0.5 0 0 
351: 13 16 0 0 0.5 0.5 0 0 
352: 14 15 0 0 0.5 0.5 0 0 
352: 14 15 0 0 0.5 0.5 0 0 
352: 14 15 0 0 0.5 0.5 0 0 
353: 12 13 0 0 0.499999 0.500001 0 0 
353: 12 13 0 0 0.499999 0.500001 0 0 
353: 12 13 0 0 0.499999 0.500001 0 0 
354: 13 0 0 0 1 0 0 0 
354: 13 0 0 0 1 0 0 0 
354: 13 0 0 0 1 0 0 0 
355: 13 0 0 0 1 0 0 0 
355: 13 0 0 0 1 0 0 0 
355: 13 0 0 0 1 0 0 0 
356: 13 14 0 0 0.5 0.5 0 0 
356: 13 14 0 0 0.5 0.5 0 0 
356: 13 14 0 0 0.5 0.5 0 0 
357: 12 13 0 0 0.499999 0.500001 0 0 
357: 12 13 0 0 0.499999 0.500001 0 0 
357: 12 13 0 0 0.499999 0.500001 0 0 
358: 12 13 14 0 0.333333 0.333334 0.333334 0 
358: 12 13 14 0 0.333333 0.333334 0.333334 0 
358: 12 13 14 0 0.333333 0.333334 0.333334 0 
359: 14 15 0 0 0.5 0.5 0 0 
359: 14 15 0 0 0.5 0.5 0 0 
359: 14 15 0 0 0.5 0.5 0 0 
360: 14 15 0 0 0.5 0.5 0 0 
360: 14 15 0 0 0.5 0.5 0 0 
360: 14 15 0 0 0.5 0.5 0 0 
361: 15 0 0 0 1 0 0 0 
361: 15 0 0 0 1 0 0 0 
361: 15 0 0 0 1 0 0 0 
362: 14 15 0 0 0.5 0.5 0 0 
362: 14 15 0 0 0.5 0.5 0 0 
362: 14 15 0 0 0.5 0.5 0 0 
363: 15 0 0 0 1 0 0 0 
363: 15 0 0 0 1 0 0 0 
363: 15 0 0 0 1 0 0 0 
364: 15 0 0 0 1 0 0 0 
364: 15 0 0 0 1 0 0 0 
364: 15 0 0 0 1 0 0 0 
365: 13 16 0 0 0.5 0.5 0 0 
365: 13 16 0 0 0.5 0.5 0 0 
365: 13 16 0 0 0.5 0.5 0 0 
366: 16 17 0 0 0.499999 0.500001 0 0 
366: 16 17 0 0 0.499999 0.500001 0 0 
366: 16 17 0 0 0.499999 0.500001 0 0 
367: 16 17 0 0 0.499999 0.500001 0 0 
367: 16 17 0 0 0.499999 0.500001 0 0 
367: 16 17 0 0 0.499999 0.500001 0 0 
368: 13 16 0 0 0.5 0.5 0 0 
368: 13 16 0 0 0.5 0.5 0 0 
368: 13 16 0 0 0.5 0.5 0 0 
369: 13 0 0 0 1 0 0 0 
369: 13 0 0 0 1 0 0 0 
369: 13 0 0 0 1 0 0 0 
370: 13 16 0 0 0.5 0.5 0 0 
370: 13 16 0 0 0.5 0.5 0 0 
370: 13 16 0 0 0.5 0.5 0 0 
371: 13 0 0 0 1 0 0 0 
371: 13 0 0 0 1 0 0 0 
371: 13 0 0 0 1 0 0 0 
372: 16 17 0 0 0.499999 0.500001 0 0 
372: 16 17 0 0 0.499999 0.500001 0 0 
372: 16 17 0 0 0.499999 0.500001 0 0 
373: 16 0 0 0 1 0 0 0 
373: 16 0 0 0 1 0 0 0 
373: 16 0 0 0 1 0 0 0 
374: 16 17 0 0 0.499999 0.500001 0 0 
374: 16 17 0 0 0.499999 0.500001 0 0 
374: 16 17 0 0 0.499999 0.500001 0 0 
375: 16 17 0 0 0.499999 0.500001 0 0 
375: 16 17 0 0 0.499999 0.500001 0 0 
375: 16 17 0 0 0.499999 0.500001 0 0 
376: 16 17 0 0 0.499999 0.500001 0 0 
376: 16 17 0 0 0.499999 0.500001 0 0 
376: 16 17 0 0 0.499999 0.500001 0 0 
377: 15 0 0 0 1 0 0 0 
377: 15 0 0 0 1 0 0 0 
377: 15 0 0 0 1 0 0 0 
378: 15 0 0 0 1 0 0 0 
378: 15 0 0 0 1 0 0 0 
378: 15 0 0 0 1 0 0 0 
379: 15 0 0 0 1 0 0 0 
379: 15 0 0 0 1 0 0 0 
379: 15 0 0 0 1 0 0 0 
380: 15 0 0 0 1 0 0 0 
380: 15 0 0 0 1 0 0 0 
380: 15 0 0 0 1 0 0 0 
381: 16 17 0 0 0.499999 0.500001 0 0 
381: 16 17 0 0 0.499999 0.500001 0 0 
381: 16 17 0 0 0.499999 0.500001 0 0 
382: 12 13 0 0 0.499999 0.500001 0 0 
382: 12 13 0 0 0.499999 0.500001 0 0 
382: 12 13 0 0 0.499999 0.500001 0 0 
383: 12 13 0 0 0.499999 0.500001 0 0 
383: 12 13 0 0 0.499999 0.500001 0 0 
383: 12 13 0 0 0.499999 0.500001 0 0 
384: 12 14 0 0 0.499999 0.500001 0 0 
384: 12 14 0 0 0.499999 0.500001 0 0 
384: 12 14 0 0 0.499999 0.500001 0 0 
385: 15 0 0 0 1 0 0 0 
385: 15 0 0 0 1 0 0 0 
385: 15 0 0 0 1 0 0 0 
386: 14 15 0 0 0.5 0.5 0 0 
386: 14 15 0 0 0.5 0.5 0 0 
386: 14 15 0 0 0.5 0.5 0 0 
387: 15 0 0 0 1 0 0 0 
387: 15 0 0 0 1 0 0 0 
387: 15 0 0 0 1 0 0 0 
388: 14 15 0 0 0.5 0.5 0 0 
388: 14 15 0 0 0.5 0.5 0 0 
388: 14 15 0 0 0.5 0.5 0 0 
389: 15 0 0 0 1 0 0 0 
389: 15 0 0 0 1 0 0 0 
389: 15 0 0 0 1 0 0 0 
390: 15 0 0 0 1 0 0 0 
390: 15 0 0 0 1 0 0 0 
390: 15 0 0 0 1 0 0 0 
391: 15 0 0 0 1 0 0 0 
391: 15 0 0 0 1 0 0 0 
391: 15 0 0 0 1 0 0 0 
392: 16 17 0 0 0.499999 0.500001 0 0 
392: 16 17 0 0 0.499999 0.500001 0 0 
392: 16 17 0 0 0.499999 0.500001 0 0 
393: 16 17 0 0 0.499999 0.500001 0 0 
393: 16 17 0 0 0.499999 0.500001 0 0 
393: 16 17 0 0 0.499999 0.500001 0 0 
394: 16 17 0 0 0.499999 0.500001 0 0 
394: 16 17 0 0 0.499999 0.500001 0 0 
394: 16 17 0 0 0.499999 0.500001 0 0 
395: 16 17 0 0 0.499999 0.500001 0 0 
395: 16 17 0 0 0.499999 0.500001 0 0 
395: 16 17 0 0 0.499999 0.500001 0 0 
396: 13 16 0 0 0.5 0.5 0 0 
396: 13 16 0 0 0.5 0.5 0 0 
396: 13 16 0 0 0.5 0.5 0 0 
397: 13 16 0 0 0.5 0.5 0 0 
397: 13 16 0 0 0.5 0.5 0 0 
397: 13 16 0 0 0.5 0.5 0 0 
398: 16 17 0 0 0.499999 0.500001 0 0 
398: 16 17 0 0 0.499999 0.500001 0 0 
398: 16 17 0 0 0.499999 0.500001 0 0 
399: 16 17 0 0 0.499999 0.500001 0 0 
399: 16 17 0 0 0.499999 0.500001 0 0 
399: 16 17 0 0 0.499999 0.500001 0 0 
400: 13 16 0 0 0.5 0.5 0 0 
400: 13 16 0 0 0.5 0.5 0 0 
400: 13 16 0 0 0.5 0.5 0 0 
401: 12 14 0 0 0.499999 0.500001 0 0 
401: 12 14 0 0 0.499999 0.500001 0 0 
401: 12 14 0 0 0.499999 0.500001 0 0 
402: 12 13 14 0 0.333333 0.333334 0.333334 0 
402: 12 13 14 0 0.333333 0.333334 0.333334 0 
402: 12 13 14 0 0.333333 0.333334 0.333334 0 
403: 16 17 0 0 0.499999 0.500001 0 0 
403: 16 17 0 0 0.499999 0.500001 0 0 
403: 16 17 0 0 0.499999 0.500001 0 0 
404: 16 0 0 0 1 0 0 0 
404: 16 0 0 0 1 0 0 0 
404: 16 0 0 0 1 0 0 0 
405: 13 16 0 0 0.5 0.5 0 0 
405: 13 16 0 0 0.5 0.5 0 0 
405: 13 16 0 0 0.5 0.5 0 0 
406: 15 0 0 0 1 0 0 0 
406: 15 0 0 0 1 0 0 0 
406: 15 0 0 0 1 0 0 0 
407: 15 0 0 0 1 0 0 0 
407: 15 0 0 0 1 0 0 0 
407: 15 0 0 0 1 0 0 0 
408: 4 5 0 0 0.5 0.5 0 0 
408: 4 5 0 0 0.5 0.5 0 0 
408: 4 5 0 0 0.5 0.5 0 0 
409: 4 5 0 0 0.5 0.5 0 0 
409: 4 5 0 0 0.5 0.5 0 0 
409: 4 5 0 0 0.5 0.5 0 0 
410: 5 6 0 0 0.499999 0.500001 0 0 
410: 5 6 0 0 0.499999 0.500001 0 0 
410: 5 6 0 0 0.499999 0.500001 0 0 
411: 4 5 0 0 0.5 0.5 0 0 
411: 4 5 0 0 0.5 0.5 0 0 
411: 4 5 0 0 0.5 0.5 0 0 
412: 5 6 0 0 0.499999 0.500001 0 0 
412: 5 6 0 0 0.499999 0.500001 0 0 
412: 5 6 0 0 0.499999 0.500001 0 0 
413: 4 5 0 0 0.5 0.5 0 0 
413: 4 5 0 0 0.5 0.5 0 0 
413: 4 5 0 0 0.5 0.5 0 0 
414: 5 6 7 0 0.333333 0.333334 0.333334 0 
414: 5 6 7 0 0.333333 0.333334 0.333334 0 
414: 5 6 7 0 0.333333 0.333334 0.333334 0 
415: 5 6 0 0 0.499999 0.500001 0 0 
415: 5 6 0 0 0.499999 0.500001 0 0 
415: 5 6 0 0 0.499999 0.500001 0 0 
416: 5 6 7 0 0.333333 0.333334 0.333334 0 
416: 5 6 7 0 0.333333 0.333334 0.333334 0 
416: 5 6 7 0 0.333333 0.333334 0.333334 0 
417: 4 5 0 0 0.5 0.5 0 0 
417: 4 5 0 0 0.5 0.5 0 0 
417: 4 5 0 0 0.5 0.5 0 0 
418: 5 6 0 0 0.499999 0.500001 0 0 
418: 5 6 0 0 0.499999 0.500001 0 0 
418: 5 6 0 0 0.499999 0.500001 0 0 
419: 2 4 0 0 0.5 0.5 0 0 
419: 2 4 0 0 0.5 0.5 0 0 
419: 2 4 0 0 0.5 0.5 0 0 
420: 1 2 0 0 0.500001 0.499999 0 0 
420: 1 2 0 0 0.500001 0.499999 0 0 
420: 1 2 0 0 0.500001 0.499999 0 0 
421: 11 12 0 0 0.5 0.5 0 0 
421: 11 12 0 0 0.5 0.5 0 0 
421: 11 12 0 0 0.5 0.5 0 0 
422: 11 12 0 0 0.5 0.5 0 0 
422: 11 12 0 0 0.5 0.5 0 0 
422: 11 12 0 0 0.5 0.5 0 0 
423: 11 12 0 0 0.5 0.5 0 0 
423: 11 12 0 0 0.5 0.5 0 0 
423: 11 12 0 0 0.5 0.5 0 0 
424: 12 13 0 0 0.499999 0.500001 0 0 
424: 12 13 0 0 0.499999 0.500001 0 0 
424: 12 13 0 0 0.499999 0.500001 0 0 
425: 12 13 0 0 0.499999 0.500001 0 0 
425: 12 13 0 0 0.499999 0.500001 0 0 
425: 12 13 0 0 0.499999 0.500001 0 0 
426: 11 12 0 0 0.5 0.5 0 0 
426: 11 12 0 0 0.5 0.5 0 0 
426: 11 12 0 0 0.5 0.5 0 0 
427: 12 13 0 0 0.499999 0.500001 0 0 
427: 12 13 0 0 0.499999 0.500001 0 0 
427: 12 13 0 0 0.499999 0.500001 0 0 
428: 12 14 0 0 0.499999 0.500001 0 0 
428: 12 14 0 0 0.499999 0.500001 0 0 
428: 12 14 0 0 0.499999 0.500001 0 0 
429: 12 13 14 0 0.333333 0.333334 0.333334 0 
429: 12 13 14 0 0.333333 0.333334 0.333334 0 
429: 12 13 14 0 0.333333 0.333334 0.333334 0 
430: 11 12 0 0 0.5 0.5 0 0 
430: 11 12 0 0 0.5 0.5 0 0 
430: 11 12 0 0 0.5 0.5 0 0 
431: 12 13 0 0 0.499999 0.500001 0 0 
431: 12 13 0 0 0.499999 0.500001 0 0 
431: 12 13 0 0 0.499999 0.500001 0 0 
432: 2 11 0 0 0.5 0.5 0 0 
432: 2 11 0 0 0.5 0.5 0 0 
432: 2 11 0 0 0.5 0.5 0 0 
433: 1 2 0 0 0.500001 0.499999 0 0 
433: 1 2 0 0 0.500001 0.499999 0 0 
433: 1 2 0 0 0.500001 0.499999 0 0 
434: 1 2 0 0 0.500001 0.499999 0 0 
434: 1 2 0 0 0.500001 0.499999 0 0 
434: 1 2 0 0 0.500001 0.499999 0 0 
435: 2 0 0 0 1 0 0 0 
435: 2 0 0 0 1 0 0 0 
435: 2 0 0 0 1 0 0 0 
436: 2 3 0 0 0.5 0.5 0 0 
436: 2 3 0 0 0.5 0.5 0 0 
436: 2 3 0 0 0.5 0.5 0 0 
437: 2 3 0 0 0.5 0.5 0 0 
437: 2 3 0 0 0.5 0.5 0 0 
437: 2 3 0 0 0.5 0.5 0 0 
438: 1 0 0 0 1 0 0 0 
438: 1 0 0 0 1 0 0 0 
438: 1 0 0 0 1 0 0 0 
439: 1 0 0 0 1 0 0 0 
439: 1 0 0 0 1 0 0 0 
439: 1 0 0 0 1 0 0 0 
440: 0 1 23 0 0.333332 0.333334 0.333334 0 
440: 0 1 23 0 0.333332 0.333334 0.333334 0 
440: 0 1 23 0 0.333332 0.333334 0.333334 0 
441: 0 1 18 23 0.249999 0.250001 0.249999 0.250001 
441: 0 1 18 23 0.249999 0.250001 0.249999 0.250001 
441: 0 1 18 23 0.249999 0.250001 0.249999 0.250001 
442: 1 0 0 0 1 0 0 0 
442: 1 0 0 0 1 0 0 0 
442: 1 0 0 0 1 0 0 0 
443: 1 2 23 0 0.333334 0.333332 0.333334 0 
443: 1 2 23 0 0.333334 0.333332 0.333334 0 
443: 1 2 23 0 0.333334 0.333332 0.333334 0 
444: 1 2 23 0 0.333334 0.333332 0.333334 0 
444: 1 2 23 0 0.333334 0.333332 0.333334 0 
444: 1 2 23 0 0.333334 0.333332 0.333334 0 
445: 1 2 0 0 0.500001 0.499999 0 0 
445: 1 2 0 0 0.500001 0.499999 0 0 
445: 1 2 0 0 0.500001 0.499999 0 0 
446: 2 0 0 0 1 0 0 0 
446: 2 0 0 0 1 0 0 0 
446: 2 0 0 0 1 0 0 0 
447: 2 3 0 0 0.5 0.5 0 0 
447: 2 3 0 0 0.5 0.5 0 0 
447: 2 3 0 0 0.5 0.5 0 0 
448: 2 3 0 0 0.5 0.5 0 0 
448: 2 3 0 0 0.5 0.5 0 0 
448: 2 3 0 0 0.5 0.5 0 0 
449: 0 1 18 23 0.249999 0.250001 0.249999 0.250001 
449: 0 1 18 23 0.249999 0.250001 0.249999 0.250001 
449: 0 1 18 23 0.249999 0.250001 0.249999 0.250001 
450: 0 23 0 0 0.499999 0.500001 0 0 
450: 0 23 0 0 0.499999 0.500001 0 0 
450: 0 23 0 0 0.499999 0.500001 0 0 
451: 0 18 23 0 0.333333 0.333333 0.333335 0 
451: 0 18 23 0 0.333333 0.333333 0.333335 0 
451: 0 18 23 0 0.333333 0.333333 0.333335 0 
452: 23 24 0 0 0.5 0.5 0 0 
452: 23 24 0 0 0.5 0.5 0 0 
452: 23 24 0 0 0.5 0.5 0 0 
453: 23 24 0 0 0.5 0.5 0 0 
453: 23 24 0 0 0.5 0.5 0 0 
453: 23 24 0 0 0.5 0.5 0 0 
454: 23 0 0 0 1 0 0 0 
454: 23 0 0 0 1 0 0 0 
454: 23 0 0 0 1 0 0 0 
455: 23 0 0 0 1 0 0 0 
455: 23 0 0 0 1 0 0 0 
455: 23 0 0 0 1 0 0 0 
456: 23 24 0 0 0.5 0.5 0 0 
456: 23 24 0 0 0.5 0.5 0 0 
456: 23 24 0 0 0.5 0.5 0 0 
457: 23 24 0 0 0.5 0.5 0 0 
457: 23 24 0 0 0.5 0.5 0 0 
457: 23 24 0 0 0.5 0.5 0 0 
458: 0 18 23 0 0.333333 0.333333 0.333335 0 
458: 0 18 23 0 0.333333 0.333333 0.333335 0 
458: 0 18 23 0 0.333333 0.333333 0.333335 0 
459: 23 24 0 0 0.5 0.5 0 0 
459: 23 24 0 0 0.5 0.5 0 0 
459: 23 24 0 0 0.5 0.5 0 0 
460: 23 24 0 0 0.5 0.5 0 0 
460: 23 24 0 0 0.5 0.5 0 0 
460: 23 24 0 0 0.5 0.5 0 0 
461: 0 1 23 0 0.333332 0.333334 0.333334 0 
461: 0 1 23 0 0.333332 0.333334 0.333334 0 
461: 0 1 23 0 0.333332 0.333334 0.333334 0 
462: 0 1 23 0 0.333332 0.333334 0.333334 0 
462: 0 1 23 0 0.333332 0.333334 0.333334 0 
462: 0 1 23 0 0.333332 0.333334 0.333334 0 
463: 2 0 0 0 1 0 0 0 
463: 2 0 0 0 1 0 0 0 
463: 2 0 0 0 1 0 0 0 
464: 2 4 0 0 0.5 0.5 0 0 
464: 2 4 0 0 0.5 0.5 0 0 
464: 2 4 0 0 0.5 0.5 0 0 
465: 1 2 0 0 0.500001 0.499999 0 0 
465: 1 2 0 0 0.500001 0.499999 0 0 
465: 1 2 0 0 0.500001 0.499999 0 0 
466: 0 1 2 23 0.249999 0.250001 0.249999 0.250001 
466: 0 1 2 23 0.249999 0.250001 0.249999 0.250001 
466: 0 1 2 23 0.249999 0.250001 0.249999 0.250001 
467: 1 2 23 0 0.333334 0.333332 0.333334 0 
467: 1 2 23 0 0.333334 0.333332 0.333334 0 
467: 1 2 23 0 0.333334 0.333332 0.333334 0 
468: 2 3 0 0 0.5 0.5 0 0 
468: 2 3 0 0 0.5 0.5 0 0 
468: 2 3 0 0 0.5 0.5 0 0 
469: 2 3 4 0 0.333333 0.333333 0.333333 0 
469: 2 3 4 0 0.333333 0.333333 0.333333 0 
469: 2 3 4 0 0.333333 0.333333 0.333333 0 
470: 1 2 0 0 0.500001 0.499999 0 0 
470: 1 2 0 0 0.500001 0.499999 0 0 
470: 1 2 0 0 0.500001 0.499999 0 0 
471: 2 3 0 0 0.5 0.5 0 0 
471: 2 3 0 0 0.5 0.5 0 0 
471: 2 3 0 0 0.5 0.5 0 0 
472: 1 0 0 0 1 0 0 0 
472: 1 0 0 0 1 0 0 0 
472: 1 0 0 0 1 0 0 0 
473: 0 1 18 0 0.333333 0.333335 0.333333 0 
473: 0 1 18 0 0.333333 0.333335 0.333333 0 
473: 0 1 18 0 0.333333 0.333335 0.333333 0 
474: 1 0 0 0 1 0 0 0 
474: 1 0 0 0 1 0 0 0 
474: 1 0 0 0 1 0 0 0 
475: 1 2 18 0 0.333334 0.333333 0.333333 0 
475: 1 2 18 0 0.333334 0.333333 0.333333 0 
475: 1 2 18 0 0.333334 0.333333 0.333333 0 
476: 1 2 0 0 0.500001 0.499999 0 0 
476: 1 2 0 0 0.500001 0.499999 0 0 
476: 1 2 0 0 0.500001 0.499999 0 0 
477: 1 2 18 0 0.333334 0.333333 0.333333 0 
477: 1 2 18 0 0.333334 0.333333 0.333333 0 
477: 1 2 18 0 0.333334 0.333333 0.333333 0 
478: 2 0 0 0 1 0 0 0 
478: 2 0 0 0 1 0 0 0 
478: 2 0 0 0 1 0 0 0 
479: 2 3 0 0 0.5 0.5 0 0 
479: 2 3 0 0 0.5 0.5 0 0 
479: 2 3 0 0 0.5 0.5 0 0 
480: 0 18 0 0 0.5 0.5 0 0 
480: 0 18 0 0 0.5 0.5 0 0 
480: 0 18 0 0 0.5 0.5 0 0 
481: 18 19 0 0 0.499999 0.500001 0 0 
481: 18 19 0 0 0.499999 0.500001 0 0 
481: 18 19 0 0 0.499999 0.500001 0 0 
482: 18 19 0 0 0.499999 0.500001 0 0 
482: 18 19 0 0 0.499999 0.500001 0 0 
482: 18 19 0 0 0.499999 0.500001 0 0 
483: 18 0 0 0 1 0 0 0 
483: 18 0 0 0 1 0 0 0 
483: 18 0 0 0 1 0 0 0 
484: 18 19 0 0 0.499999 0.500001 0 0 
484: 18 19 0 0 0.499999 0.500001 0 0 
484: 18 19 0 0 0.499999 0.500001 0 0 
485: 18 19 0 0 0.499999 0.500001 0 0 
485: 18 19 0 0 0.499999 0.500001 0 0 
485: 18 19 0 0 0.499999 0.500001 0 0 
486: 18 19 0 0 0.499999 0.500001 0 0 
486: 18 19 0 0 0.499999 0.500001 0 0 
486: 18 19 0 0 0.499999 0.500001 0 0 
487: 0 1 18 0 0.333333 0.333335 0.333333 0 
487: 0 1 18 0 0.333333 0.333335 0.333333 0 
487: 0 1 18 0 0.333333 0.333335 0.333333 0 
488: 2 0 0 0 1 0 0 0 
488: 2 0 0 0 1 0 0 0 
488: 2 0 0 0 1 0 0 0 
489: 2 0 0 0 1 0 0 0 
489: 2 0 0 0 1 0 0 0 
489: 2 0 0 0 1 0 0 0 
490: 1 2 18 0 0.333334 0.333333 0.333333 0 
490: 1 2 18 0 0.333334 0.333333 0.333333 0 
490: 1 2 18 0 0.333334 0.333333 0.333333 0 
491: 2 11 0 0 0.5 0.5 0 0 
491: 2 11 0 0 0.5 0.5 0 0 
491: 2 11 0 0 0.5 0.5 0 0 
492: 0 1 2 18 0.25 0.250001 0.25 0.25 
492: 0 1 2 18 0.25 0.250001 0.25 0.25 
492: 0 1 2 18 0.25 0.250001 0.25 0.25 
493: 2 3 11 0 0.333333 0.333333 0.333333 0 
493: 2 3 11 0 0.333333 0.333333 0.333333 0 
493: 2 3 11 0 0.333333 0.333333 0.333333 0 
494: 2 0 0 0 1 0 0 0 
494: 2 0 0 0 1 0 0 0 
494: 2 0 0 0 1 0 0 0 
495: 2 3 0 0 0.5 0.5 0 0 
495: 2 3 0 0 0.5 0.5 0 0 
495: 2 3 0 0 0.5 0.5 0 0 
496: 2 0 0 0 1 0 0 0 
496: 2 0 0 0 1 0 0 0 
496: 2 0 0 0 1 0 0 0 
497: 2 3 0 0 0.5 0.5 0 0 
497: 2 3 0 0 0.5 0.5 0 0 
497: 2 3 0 0 0.5 0.5 0 0 
498: 2 0 0 0 1 0 0 0 
498: 2 0 0 0 1 0 0 0 
498: 2 0 0 0 1 0 0 0 
499: 2 3 0 0 0.5 0.5 0 0 
499: 2 3 0 0 0.5 0.5 0 0 
499: 2 3 0 0 0.5 0.5 0 0 
500: 2 3 0 0 0.5 0.5 0 0 
500: 2 3 0 0 0.5 0.5 0 0 
500: 2 3 0 0 0.5 0.5 0 0 
501: 2 3 0 0 0.5 0.5 0 0 
501: 2 3 0 0 0.5 0.5 0 0 
501: 2 3 0 0 0.5 0.5 0 0 
502: 2 3 0 0 0.5 0.5 0 0 
502: 2 3 0 0 0.5 0.5 0 0 
502: 2 3 0 0 0.5 0.5 0 0 
503: 2 3 0 0 0.5 0.5 0 0 
503: 2 3 0 0 0.5 0.5 0 0 
503: 2 3 0 0 0.5 0.5 0 0 
504: 2 3 0 0 0.5 0.5 0 0 
504: 2 3 0 0 0.5 0.5 0 0 
504: 2 3 0 0 0.5 0.5 0 0 
505: 2 3 0 0 0.5 0.5 0 0 
505: 2 3 0 0 0.5 0.5 0 0 
505: 2 3 0 0 0.5 0.5 0 0 
506: 18 23 0 0 0.499999 0.500001 0 0 
506: 18 23 0 0 0.499999 0.500001 0 0 
506: 18 23 0 0 0.499999 0.500001 0 0 
507: 23 24 0 0 0.5 0.5 0 0 
507: 23 24 0 0 0.5 0.5 0 0 
507: 23 24 0 0 0.5 0.5 0 0 
508: 23 24 0 0 0.5 0.5 0 0 
508: 23 24 0 0 0.5 0.5 0 0 
508: 23 24 0 0 0.5 0.5 0 0 
509: 18 23 0 0 0.499999 0.500001 0 0 
509: 18 23 0 0 0.499999 0.500001 0 0 
509: 18 23 0 0 0.499999 0.500001 0 0 
510: 23 0 0 0 1 0 0 0 
510: 23 0 0 0 1 0 0 0 
510: 23 0 0 0 1 0 0 0 
511: 0 1 23 0 0.333332 0.333334 0.333334 0 
511: 0 1 23 0 0.333332 0.333334 0.333334 0 
511: 0 1 23 0 0.333332 0.333334 0.333334 0 
512: 18 23 0 0 0.499999 0.500001 0 0 
512: 18 23 0 0 0.499999 0.500001 0 0 
512: 18 23 0 0 0.499999 0.500001 0 0 
513: 23 0 0 0 1 0 0 0 
513: 23 0 0 0 1 0 0 0 
513: 23 0 0 0 1 0 0 0 
514: 0 1 18 23 0.249999 0.250001 0.249999 0.250001 
514: 0 1 18 23 0.249999 0.250001 0.249999 0.250001 
514: 0 1 18 23 0.249999 0.250001 0.249999 0.250001 
515: 23 0 0 0 1 0 0 0 
515: 23 0 0 0 1 0 0 0 
515: 23 0 0 0 1 0 0 0 
516: 0 1 23 0 0.333332 0.333334 0.333334 0 
516: 0 1 23 0 0.333332 0.333334 0.333334 0 
516: 0 1 23 0 0.333332 0.333334 0.333334 0 
517: 23 0 0 0 1 0 0 0 
517: 23 0 0 0 1 0 0 0 
517: 23 0 0 0 1 0 0 0 
518: 0 1 23 0 0.333332 0.333334 0.333334 0 
518: 0 1 23 0 0.333332 0.333334 0.333334 0 
518: 0 1 23 0 0.333332 0.333334 0.333334 0 
519: 23 0 0 0 1 0 0 0 
519: 23 0 0 0 1 0 0 0 
519: 23 0 0 0 1 0 0 0 
520: 23 0 0 0 1 0 0 0 
520: 23 0 0 0 1 0 0 0 
520: 23 0 0 0 1 0 0 0 
521: 23 24 0 0 0.5 0.5 0 0 
521: 23 24 0 0 0.5 0.5 0 0 
521: 23 24 0 0 0.5 0.5 0 0 
522: 23 0 0 0 1 0 0 0 
522: 23 0 0 0 1 0 0 0 
522: 23 0 0 0 1 0 0 0 
523: 18 23 0 0 0.499999 0.500001 0 0 
523: 18 23 0 0 0.499999 0.500001 0 0 
523: 18 23 0 0 0.499999 0.500001 0 0 
524: 23 24 0 0 0.5 0.5 0 0 
524: 23 24 0 0 0.5 0.5 0 0 
524: 23 24 0 0 0.5 0.5 0 0 
525: 23 0 0 0 1 0 0 0 
525: 23 0 0 0 1 0 0 0 
525: 23 0 0 0 1 0 0 0 
526: 23 24 0 0 0.5 0.5 0 0 
526: 23 24 0 0 0.5 0.5 0 0 
526: 23 24 0 0 0.5 0.5 0 0 
527: 23 24 0 0 0.5 0.5 0 0 
527: 23 24 0 0 0.5 0.5 0 0 
527: 23 24 0 0 0.5 0.5 0 0 
528: 23 0 0 0 1 0 0 0 
528: 23 0 0 0 1 0 0 0 
528: 23 0 0 0 1 0 0 0 
529: 23 0 0 0 1 0 0 0 
529: 23 0 0 0 1 0 0 0 
529: 23 0 0 0 1 0 0 0 
530: 18 23 0 0 0.499999 0.500001 0 0 
530: 18 23 0 0 0.499999 0.500001 0 0 
530: 18 23 0 0 0.499999 0.500001 0 0 
531: 23 24 0 0 0.5 0.5 0 0 
531: 23 24 0 0 0.5 0.5 0 0 
531: 23 24 0 0 0.5 0.5 0 0 
532: 23 24 0 0 0.5 0.5 0 0 
532: 23 24 0 0 0.5 0.5 0 0 
532: 23 24 0 0 0.5 0.5 0 0 
533: 18 23 0 0 0.499999 0.500001 0 0 
533: 18 23 0 0 0.499999 0.500001 0 0 
533: 18 23 0 0 0.499999 0.500001 0 0 
534: 23 24 0 0 0.5 0.5 0 0 
534: 23 24 0 0 0.5 0.5 0 0 
534: 23 24 0 0 0.5 0.5 0 0 
535: 23 0 0 0 1 0 0 0 
535: 23 0 0 0 1 0 0 0 
535: 23 0 0 0 1 0 0 0 
536: 23 24 0 0 0.5 0.5 0 0 
536: 23 24 0 0 0.5 0.5 0 0 
536: 23 24 0 0 0.5 0.5 0 0 
537: 23 0 0 0 1 0 0 0 
537: 23 0 0 0 1 0 0 0 
537: 23 0 0 0 1 0 0 0 
538: 23 0 0 0 1 0 0 0 
538: 23 0 0 0 1 0 0 0 
538: 23 0 0 0 1 0 0 0 
539: 23 24 0 0 0.5 0.5 0 0 
539: 23 24 0 0 0.5 0.5 0 0 
539: 23 24 0 0 0.5 0.5 0 0 
540: 23 24 0 0 0.5 0.5 0 0 
540: 23 24 0 0 0.5 0.5 0 0 
540: 23 24 0 0 0.5 0.5 0 0 
541: 23 24 0 0 0.5 0.5 0 0 
541: 23 24 0 0 0.5 0.5 0 0 
541: 23 24 0 0 0.5 0.5 0 0 
542: 23 24 0 0 0.5 0.5 0 0 
542: 23 24 0 0 0.5 0.5 0 0 
542: 23 24 0 0 0.5 0.5 0 0 
543: 23 24 0 0 0.5 0.5 0 0 
543: 23 24 0 0 0.5 0.5 0 0 
543: 23 24 0 0 0.5 0.5 0 0 
544: 23 24 0 0 0.5 0.5 0 0 
544: 23 24 0 0 0.5 0.5 0 0 
544: 23 24 0 0 0.5 0.5 0 0 
545: 23 24 0 0 0.5 0.5 0 0 
545: 23 24 0 0 0.5 0.5 0 0 
545: 23 24 0 0 0.5 0.5 0 0 
546: 23 24 0 0 0.5 0.5 0 0 
546: 23 24 0 0 0.5 0.5 0 0 
546: 23 24 0 0 0.5 0.5 0 0 
547: 23 24 0 0 0.5 0.5 0 0 
547: 23 24 0 0 0.5 0.5 0 0 
547: 23 24 0 0 0.5 0.5 0 0 
548: 23 24 0 0 0.5 0.5 0 0 
548: 23 24 0 0 0.5 0.5 0 0 
548: 23 24 0 0 0.5 0.5 0 0 
549: 23 24 0 0 0.5 0.5 0 0 
549: 23 24 0 0 0.5 0.5 0 0 
549: 23 24 0 0 0.5 0.5 0 0 
550: 23 24 0 0 0.5 0.5 0 0 
550: 23 24 0 0 0.5 0.5 0 0 
550: 23 24 0 0 0.5 0.5 0 0 
551: 23 24 0 0 0.5 0.5 0 0 
551: 23 24 0 0 0.5 0.5 0 0 
551: 23 24 0 0 0.5 0.5 0 0 
552: 23 24 0 0 0.5 0.5 0 0 
552: 23 24 0 0 0.5 0.5 0 0 
552: 23 24 0 0 0.5 0.5 0 0 
553: 23 24 0 0 0.5 0.5 0 0 
553: 23 24 0 0 0.5 0.5 0 0 
553: 23 24 0 0 0.5 0.5 0 0 
554: 23 24 0 0 0.5 0.5 0 0 
554: 23 24 0 0 0.5 0.5 0 0 
554: 23 24 0 0 0.5 0.5 0 0 
555: 23 24 0 0 0.5 0.5 0 0 
555: 23 24 0 0 0.5 0.5 0 0 
555: 23 24 0 0 0.5 0.5 0 0 
556: 23 24 0 0 0.5 0.5 0 0 
556: 23 24 0 0 0.5 0.5 0 0 
556: 23 24 0 0 0.5 0.5 0 0 
557: 23 24 0 0 0.5 0.5 0 0 
557: 23 24 0 0 0.5 0.5 0 0 
557: 23 24 0 0 0.5 0.5 0 0 
558: 23 24 0 0 0.5 0.5 0 0 
558: 23 24 0 0 0.5 0.5 0 0 
558: 23 24 0 0 0.5 0.5 0 0 
559: 23 24 0 0 0.5 0.5 0 0 
559: 23 24 0 0 0.5 0.5 0 0 
559: 23 24 0 0 0.5 0.5 0 0 
560: 23 24 0 0 0.5 0.5 0 0 
560: 23 24 0 0 0.5 0.5 0 0 
560: 23 24 0 0 0.5 0.5 0 0 
561: 23 24 0 0 0.5 0.5 0 0 
561: 23 24 0 0 0.5 0.5 0 0 
561: 23 24 0 0 0.5 0.5 0 0 
562: 23 24 0 0 0.5 0.5 0 0 
562: 23 24 0 0 0.5 0.5 0 0 
562: 23 24 0 0 0.5 0.5 0 0 
563: 23 24 0 0 0.5 0.5 0 0 
563: 23 24 0 0 0.5 0.5 0 0 
563: 23 24 0 0 0.5 0.5 0 0 
564: 24 0 0 0 1 0 0 0 
564: 24 0 0 0 1 0 0 0 
564: 24 0 0 0 1 0 0 0 
565: 23 24 0 0 0.5 0.5 0 0 
565: 23 24 0 0 0.5 0.5 0 0 
565: 23 24 0 0 0.5 0.5 0 0 
566: 23 24 0 0 0.5 0.5 0 0 
566: 23 24 0 0 0.5 0.5 0 0 
566: 23 24 0 0 0.5 0.5 0 0 
567: 24 0 0 0 1 0 0 0 
567: 24 0 0 0 1 0 0 0 
567: 24 0 0 0 1 0 0 0 
568: 23 24 0 0 0.5 0.5 0 0 
568: 23 24 0 0 0.5 0.5 0 0 
568: 23 24 0 0 0.5 0.5 0 0 
569: 24 0 0 0 1 0 0 0 
569: 24 0 0 0 1 0 0 0 
569: 24 0 0 0 1 0 0 0 
570: 23 24 0 0 0.5 0.5 0 0 
570: 23 24 0 0 0.5 0.5 0 0 
570: 23 24 0 0 0.5 0.5 0 0 
571: 23 24 0 0 0.5 0.5 0 0 
571: 23 24 0 0 0.5 0.5 0 0 
571: 23 24 0 0 0.5 0.5 0 0 
572: 24 0 0 0 1 0 0 0 
572: 24 0 0 0 1 0 0 0 
572: 24 0 0 0 1 0 0 0 
573: 23 24 0 0 0.5 0.5 0 0 
573: 23 24 0 0 0.5 0.5 0 0 
573: 23 24 0 0 0.5 0.5 0 0 
574: 24 0 0 0 1 0 0 0 
574: 24 0 0 0 1 0 0 0 
574: 24 0 0 0 1 0 0 0 
575: 23 24 0 0 0.5 0.5 0 0 
575: 23 24 0 0 0.5 0.5 0 0 
575: 23 24 0 0 0.5 0.5 0 0 
576: 23 24 0 0 0.5 0.5 0 0 
576: 23 24 0 0 0.5 0.5 0 0 
576: 23 24 0 0 0.5 0.5 0 0 
577: 24 0 0 0 1 0 0 0 
577: 24 0 0 0 1 0 0 0 
577: 24 0 0 0 1 0 0 0 
578: 23 24 0 0 0.5 0.5 0 0 
578: 23 24 0 0 0.5 0.5 0 0 
578: 23 24 0 0 0.5 0.5 0 0 
579: 24 0 0 0 1 0 0 0 
579: 24 0 0 0 1 0 0 0 
579: 24 0 0 0 1 0 0 0 
580: 23 24 0 0 0.5 0.5 0 0 
580: 23 24 0 0 0.5 0.5 0 0 
580: 23 24 0 0 0.5 0.5 0 0 
581: 23 24 0 0 0.5 0.5 0 0 
581: 23 24 0 0 0.5 0.5 0 0 
581: 23 24 0 0 0.5 0.5 0 0 
582: 24 0 0 0 1 0 0 0 
582: 24 0 0 0 1 0 0 0 
582: 24 0 0 0 1 0 0 0 
583: 23 24 0 0 0.5 0.5 0 0 
583: 23 24 0 0 0.5 0.5 0 0 
583: 23 24 0 0 0.5 0.5 0 0 
584: 24 0 0 0 1 0 0 0 
584: 24 0 0 0 1 0 0 0 
584: 24 0 0 0 1 0 0 0 
585: 23 24 0 0 0.5 0.5 0 0 
585: 23 24 0 0 0.5 0.5 0 0 
585: 23 24 0 0 0.5 0.5 0 0 
586: 23 24 0 0 0.5 0.5 0 0 
586: 23 24 0 0 0.5 0.5 0 0 
586: 23 24 0 0 0.5 0.5 0 0 
587: 18 23 0 0 0.499999 0.500001 0 0 
587: 18 23 0 0 0.499999 0.500001 0 0 
587: 18 23 0 0 0.499999 0.500001 0 0 
588: 23 0 0 0 1 0 0 0 
588: 23 0 0 0 1 0 0 0 
588: 23 0 0 0 1 0 0 0 
589: 23 0 0 0 1 0 0 0 
589: 23 0 0 0 1 0 0 0 
589: 23 0 0 0 1 0 0 0 
590: 0 1 23 0 0.333332 0.333334 0.333334 0 
590: 0 1 23 0 0.333332 0.333334 0.333334 0 
590: 0 1 23 0 0.333332 0.333334 0.333334 0 
591: 0 1 23 0 0.333332 0.333334 0.333334 0 
591: 0 1 23 0 0.333332 0.333334 0.333334 0 
591: 0 1 23 0 0.333332 0.333334 0.333334 0 
592: 0 1 18 23 0.249999 0.250001 0.249999 0.250001 
592: 0 1 18 23 0.249999 0.250001 0.249999 0.250001 
592: 0 1 18 23 0.249999 0.250001 0.249999 0.250001 
593: 23 0 0 0 1 0 0 0 
593: 23 0 0 0 1 0 0 0 
593: 23 0 0 0 1 0 0 0 
594: 0 1 23 0 0.333332 0.333334 0.333334 0 
594: 0 1 23 0 0.333332 0.333334 0.333334 0 
594: 0 1 23 0 0.333332 0.333334 0.333334 0 
595: 0 1 18 23 0.249999 0.250001 0.249999 0.250001 
595: 0 1 18 23 0.249999 0.250001 0.249999 0.250001 
595: 0 1 18 23 0.249999 0.250001 0.249999 0.250001 
596: 18 23 0 0 0.499999 0.500001 0 0 
596: 18 23 0 0 0.499999 0.500001 0 0 
596: 18 23 0 0 0.499999 0.500001 0 0 
597: 18 23 0 0 0.499999 0.500001 0 0 
597: 18 23 0 0 0.499999 0.500001 0 0 
597: 18 23 0 0 0.499999 0.500001 0 0 
598: 18 23 0 0 0.499999 0.500001 0 0 
598: 18 23 0 0 0.499999 0.500001 0 0 
598: 18 23 0 0 0.499999 0.500001 0 0 
599: 18 23 0 0 0.499999 0.500001 0 0 
599: 18 23 0 0 0.499999 0.500001 0 0 
599: 18 23 0 0 0.499999 0.500001 0 0 
600: 18 19 0 0 0.499999 0.500001 0 0 
600: 18 19 0 0 0.499999 0.500001 0 0 
600: 18 19 0 0 0.499999 0.500001 0 0 
601: 18 23 0 0 0.499999 0.500001 0 0 
601: 18 23 0 0 0.499999 0.500001 0 0 
601: 18 23 0 0 0.499999 0.500001 0 0 
602: 18 19 0 0 0.499999 0.500001 0 0 
602: 18 19 0 0 0.499999 0.500001 0 0 
602: 18 19 0 0 0.499999 0.500001 0 0 
603: 0 1 18 0 0.333333 0.333335 0.333333 0 
603: 0 1 18 0 0.333333 0.333335 0.333333 0 
603: 0 1 18 0 0.333333 0.333335 0.333333 0 
604: 18 0 0 0 1 0 0 0 
604: 18 0 0 0 1 0 0 0 
604: 18 0 0 0 1 0 0 0 
605: 0 1 18 23 0.249999 0.250001 0.249999 0.250001 
605: 0 1 18 23 0.249999 0.250001 0.249999 0.250001 
605: 0 1 18 23 0.249999 0.250001 0.249999 0.250001 
606: 18 0 0 0 1 0 0 0 
606: 18 0 0 0 1 0 0 0 
606: 18 0 0 0 1 0 0 0 
607: 0 1 18 23 0.249999 0.250001 0.249999 0.250001 
607: 0 1 18 23 0.249999 0.250001 0.249999 0.250001 
607: 0 1 18 23 0.249999 0.250001 0.249999 0.250001 
608: 18 23 0 0 0.499999 0.500001 0 0 
608: 18 23 0 0 0.499999 0.500001 0 0 
608: 18 23 0 0 0.499999 0.500001 0 0 
609: 0 1 18 0 0.333333 0.333335 0.333333 0 
609: 0 1 18 0 0.333333 0.333335 0.333333 0 
609: 0 1 18 0 0.333333 0.333335 0.333333 0 
610: 18 0 0 0 1 0 0 0 
610: 18 0 0 0 1 0 0 0 
610: 18 0 0 0 1 0 0 0 
611: 18 0 0 0 1 0 0 0 
611: 18 0 0 0 1 0 0 0 
611: 18 0 0 0 1 0 0 0 
612: 0 1 18 0 0.333333 0.333335 0.333333 0 
612: 0 1 18 0 0.333333 0.333335 0.333333 0 
612: 0 1 18 0 0.333333 0.333335 0.333333 0 
613: 18 0 0 0 1 0 0 0 
613: 18 0 0 0 1 0 0 0 
613: 18 0 0 0 1 0 0 0 
614: 18 0 0 0 1 0 0 0 
614: 18 0 0 0 1 0 0 0 
614: 18 0 0 0 1 0 0 0 
615: 18 19 0 0 0.499999 0.500001 0 0 
615: 18 19 0 0 0.499999 0.500001 0 0 
615: 18 19 0 0 0.499999 0.500001 0 0 
616: 18 0 0 0 1 0 0 0 
616: 18 0 0 0 1 0 0 0 
616: 18 0 0 0 1 0 0 0 
617: 18 23 0 0 0.499999 0.500001 0 0 
617: 18 23 0 0 0.499999 0.500001 0 0 
617: 18 23 0 0 0.499999 0.500001 0 0 
618: 18 0 0 0 1 0 0 0 
618: 18 0 0 0 1 0 0 0 
618: 18 0 0 0 1 0 0 0 
619: 18 19 0 0 0.499999 0.500001 0 0 
619: 18 19 0 0 0.499999 0.500001 0 0 
619: 18 19 0 0 0.499999 0.500001 0 0 
620: 18 19 0 0 0.499999 0.500001 0 0 
620: 18 19 0 0 0.499999 0.500001 0 0 
620: 18 19 0 0 0.499999 0.500001 0 0 
621: 18 0 0 0 1 0 0 0 
621: 18 0 0 0 1 0 0 0 
621: 18 0 0 0 1 0 0 0 
622: 18 19 0 0 0.499999 0.500001 0 0 
622: 18 19 0 0 0.499999 0.500001 0 0 
622: 18 19 0 0 0.499999 0.500001 0 0 
623: 18 0 0 0 1 0 0 0 
623: 18 0 0 0 1 0 0 0 
623: 18 0 0 0 1 0 0 0 
624: 18 23 0 0 0.499999 0.500001 0 0 
624: 18 23 0 0 0.499999 0.500001 0 0 
624: 18 23 0 0 0.499999 0.500001 0 0 
625: 18 19 0 0 0.499999 0.500001 0 0 
625: 18 19 0 0 0.499999 0.500001 0 0 
625: 18 19 0 0 0.499999 0.500001 0 0 
626: 18 23 0 0 0.499999 0.500001 0 0 
626: 18 23 0 0 0.499999 0.500001 0 0 
626: 18 23 0 0 0.499999 0.500001 0 0 
627: 18 19 0 0 0.499999 0.500001 0 0 
627: 18 19 0 0 0.499999 0.500001 0 0 
627: 18 19 0 0 0.499999 0.500001 0 0 
628: 18 0 0 0 1 0 0 0 
628: 18 0 0 0 1 0 0 0 
628: 18 0 0 0 1 0 0 0 
629: 18 19 0 0 0.499999 0.500001 0 0 
629: 18 19 0 0 0.499999 0.500001 0 0 
629: 18 19 0 0 0.499999 0.500001 0 0 
630: 18 19 0 0 0.499999 0.500001 0 0 
630: 18 19 0 0 0.499999 0.500001 0 0 
630: 18 19 0 0 0.499999 0.500001 0 0 
631: 18 0 0 0 1 0 0 0 
631: 18 0 0 0 1 0 0 0 
631: 18 0 0 0 1 0 0 0 
632: 18 0 0 0 1 0 0 0 
632: 18 0 0 0 1 0 0 0 
632: 18 0 0 0 1 0 0 0 
633: 18 19 0 0 0.499999 0.500001 0 0 
633: 18 19 0 0 0.499999 0.500001 0 0 
633: 18 19 0 0 0.499999 0.500001 0 0 
634: 18 19 0 0 0.499999 0.500001 0 0 
634: 18 19 0 0 0.499999 0.500001 0 0 
634: 18 19 0 0 0.499999 0.500001 0 0 
635: 18 19 0 0 0.499999 0.500001 0 0 
635: 18 19 0 0 0.499999 0.500001 0 0 
635: 18 19 0 0 0.499999 0.500001 0 0 
636: 18 19 0 0 0.499999 0.500001 0 0 
636: 18 19 0 0 0.499999 0.500001 0 0 
636: 18 19 0 0 0.499999 0.500001 0 0 
637: 18 19 0 0 0.499999 0.500001 0 0 
637: 18 19 0 0 0.499999 0.500001 0 0 
637: 18 19 0 0 0.499999 0.500001 0 0 
638: 18 19 0 0 0.499999 0.500001 0 0 
638: 18 19 0 0 0.499999 0.500001 0 0 
638: 18 19 0 0 0.499999 0.500001 0 0 
639: 18 19 0 0 0.499999 0.500001 0 0 
639: 18 19 0 0 0.499999 0.500001 0 0 
639: 18 19 0 0 0.499999 0.500001 0 0 
640: 18 19 0 0 0.499999 0.500001 0 0 
640: 18 19 0 0 0.499999 0.500001 0 0 
640: 18 19 0 0 0.499999 0.500001 0 0 
641: 18 19 0 0 0.499999 0.500001 0 0 
641: 18 19 0 0 0.499999 0.500001 0 0 
641: 18 19 0 0 0.499999 0.500001 0 0 
642: 18 19 0 0 0.499999 0.500001 0 0 
642: 18 19 0 0 0.499999 0.500001 0 0 
642: 18 19 0 0 0.499999 0.500001 0 0 
643: 18 19 0 0 0.499999 0.500001 0 0 
643: 18 19 0 0 0.499999 0.500001 0 0 
643: 18 19 0 0 0.499999 0.500001 0 0 
644: 18 19 0 0 0.499999 0.500001 0 0 
644: 18 19 0 0 0.499999 0.500001 0 0 
644: 18 19 0 0 0.499999 0.500001 0 0 
645: 18 19 0 0 0.499999 0.500001 0 0 
645: 18 19 0 0 0.499999 0.500001 0 0 
645: 18 19 0 0 0.499999 0.500001 0 0 
646: 18 19 0 0 0.499999 0.500001 0 0 
646: 18 19 0 0 0.499999 0.500001 0 0 
646: 18 19 0 0 0.499999 0.500001 0 0 
647: 18 19 0 0 0.499999 0.500001 0 0 
647: 18 19 0 0 0.499999 0.500001 0 0 
647: 18 19 0 0 0.499999 0.500001 0 0 
648: 18 19 0 0 0.499999 0.500001 0 0 
648: 18 19 0 0 0.499999 0.500001 0 0 
648: 18 19 0 0 0.499999 0.500001 0 0 
649: 18 19 0 0 0.499999 0.500001 0 0 
649: 18 19 0 0 0.499999 0.500001 0 0 
649: 18 19 0 0 0.499999 0.500001 0 0 
650: 18 19 0 0 0.499999 0.500001 0 0 
650: 18 19 0 0 0.499999 0.500001 0 0 
650: 18 19 0 0 0.499999 0.500001 0 0 
651: 18 19 0 0 0.499999 0.500001 0 0 
651: 18 19 0 0 0.499999 0.500001 0 0 
651: 18 19 0 0 0.499999 0.500001 0 0 
652: 18 19 0 0 0.499999 0.500001 0 0 
652: 18 19 0 0 0.499999 0.500001 0 0 
652: 18 19 0 0 0.499999 0.500001 0 0 
653: 18 19 0 0 0.499999 0.500001 0 0 
653: 18 19 0 0 0.499999 0.500001 0 0 
653: 18 19 0 0 0.499999 0.500001 0 0 
654: 18 19 0 0 0.499999 0.500001 0 0 
654: 18 19 0 0 0.499999 0.500001 0 0 
654: 18 19 0 0 0.499999 0.500001 0 0 
655: 18 19 0 0 0.499999 0.500001 0 0 
655: 18 19 0 0 0.499999 0.500001 0 0 
655: 18 19 0 0 0.499999 0.500001 0 0 
656: 18 19 0 0 0.499999 0.500001 0 0 
656: 18 19 0 0 0.499999 0.500001 0 0 
656: 18 19 0 0 0.499999 0.500001 0 0 
657: 18 19 0 0 0.499999 0.500001 0 0 
657: 18 19 0 0 0.499999 0.500001 0 0 
657: 18 19 0 0 0.499999 0.500001 0 0 
658: 19 0 0 0 1 0 0 0 
658: 19 0 0 0 1 0 0 0 
658: 19 0 0 0 1 0 0 0 
659: 18 19 0 0 0.499999 0.500001 0 0 
659: 18 19 0 0 0.499999 0.500001 0 0 
659: 18 19 0 0 0.499999 0.500001 0 0 
660: 18 19 0 0 0.499999 0.500001 0 0 
660: 18 19 0 0 0.499999 0.500001 0 0 
660: 18 19 0 0 0.499999 0.500001 0 0 
661: 18 19 0 0 0.499999 0.500001 0 0 
661: 18 19 0 0 0.499999 0.500001 0 0 
661: 18 19 0 0 0.499999 0.500001 0 0 
662: 19 0 0 0 1 0 0 0 
662: 19 0 0 0 1 0 0 0 
662: 19 0 0 0 1 0 0 0 
663: 19 0 0 0 1 0 0 0 
663: 19 0 0 0 1 0 0 0 
663: 19 0 0 0 1 0 0 0 
664: 18 19 0 0 0.499999 0.500001 0 0 
664: 18 19 0 0 0.499999 0.500001 0 0 
664: 18 19 0 0 0.499999 0.500001 0 0 
665: 18 19 0 0 0.499999 0.500001 0 0 
665: 18 19 0 0 0.499999 0.500001 0 0 
665: 18 19 0 0 0.499999 0.500001 0 0 
666: 18 19 0 0 0.499999 0.500001 0 0 
666: 18 19 0 0 0.499999 0.500001 0 0 
666: 18 19 0 0 0.499999 0.500001 0 0 
667: 19 0 0 0 1 0 0 0 
667: 19 0 0 0 1 0 0 0 
667: 19 0 0 0 1 0 0 0 
668: 19 0 0 0 1 0 0 0 
668: 19 0 0 0 1 0 0 0 
668: 19 0 0 0 1 0 0 0 
669: 18 19 0 0 0.499999 0.500001 0 0 
669: 18 19 0 0 0.499999 0.500001 0 0 
669: 18 19 0 0 0.499999 0.500001 0 0 
670: 18 19 0 0 0.499999 0.500001 0 0 
670: 18 19 0 0 0.499999 0.500001 0 0 
670: 18 19 0 0 0.499999 0.500001 0 0 
671: 18 19 0 0 0.499999 0.500001 0 0 
671: 18 19 0 0 0.499999 0.500001 0 0 
671: 18 19 0 0 0.499999 0.500001 0 0 
672: 19 0 0 0 1 0 0 0 
672: 19 0 0 0 1 0 0 0 
672: 19 0 0 0 1 0 0 0 
673: 19 0 0 0 1 0 0 0 
673: 19 0 0 0 1 0 0 0 
673: 19 0 0 0 1 0 0 0 
674: 18 19 0 0 0.499999 0.500001 0 0 
674: 18 19 0 0 0.499999 0.500001 0 0 
674: 18 19 0 0 0.499999 0.500001 0 0 
675: 18 19 0 0 0.499999 0.500001 0 0 
675: 18 19 0 0 0.499999 0.500001 0 0 
675: 18 19 0 0 0.499999 0.500001 0 0 
676: 18 19 0 0 0.499999 0.500001 0 0 
676: 18 19 0 0 0.499999 0.500001 0 0 
676: 18 19 0 0 0.499999 0.500001 0 0 
677: 19 0 0 0 1 0 0 0 
677: 19 0 0 0 1 0 0 0 
677: 19 0 0 0 1 0 0 0 
678: 19 0 0 0 1 0 0 0 
678: 19 0 0 0 1 0 0 0 
678: 19 0 0 0 1 0 0 0 
679: 18 19 0 0 0.499999 0.500001 0 0 
679: 18 19 0 0 0.499999 0.500001 0 0 
679: 18 19 0 0 0.499999 0.500001 0 0 
680: 18 19 0 0 0.499999 0.500001 0 0 
680: 18 19 0 0 0.499999 0.500001 0 0 
680: 18 19 0 0 0.499999 0.500001 0 0 
681: 18 23 0 0 0.499999 0.500001 0 0 
681: 18 23 0 0 0.499999 0.500001 0 0 
681: 18 23 0 0 0.499999 0.500001 0 0 
682: 0 1 18 23 0.249999 0.250001 0.249999 0.250001 
682: 0 1 18 23 0.249999 0.250001 0.249999 0.250001 
682: 0 1 18 23 0.249999 0.250001 0.249999 0.250001 
683: 18 0 0 0 1 0 0 0 
683: 18 0 0 0 1 0 0 0 
683: 18 0 0 0 1 0 0 0 
684: 0 1 18 0 0.333333 0.333335 0.333333 0 
684: 0 1 18 0 0.333333 0.333335 0.333333 0 
684: 0 1 18 0 0.333333 0.333335 0.333333 0 
685: 18 0 0 0 1 0 0 0 
685: 18 0 0 0 1 0 0 0 
685: 18 0 0 0 1 0 0 0 
686: 0 1 18 0 0.333333 0.333335 0.333333 0 
686: 0 1 18 0 0.333333 0.333335 0.333333 0 
686: 0 1 18 0 0.333333 0.333335 0.333333 0 
687: 18 0 0 0 1 0 0 0 
687: 18 0 0 0 1 0 0 0 
687: 18 0 0 0 1 0 0 0 
688: 0 1 18 23 0.249999 0.250001 0.249999 0.250001 
688: 0 1 18 23 0.249999 0.250001 0.249999 0.250001 
688: 0 1 18 23 0.249999 0.250001 0.249999 0.250001 
689: 0 1 18 0 0.333333 0.333335 0.333333 0 
689: 0 1 18 0 0.333333 0.333335 0.333333 0 
689: 0 1 18 0 0.333333 0.333335 0.333333 0 
690: 0 1 18 23 0.249999 0.250001 0.249999 0.250001 
690: 0 1 18 23 0.249999 0.250001 0.249999 0.250001 
690: 0 1 18 23 0.249999 0.250001 0.249999 0.250001 
691: 0 1 18 23 0.249999 0.250001 0.249999 0.250001 
691: 0 1 18 23 0.249999 0.250001 0.249999 0.250001 
691: 0 1 18 23 0.249999 0.250001 0.249999 0.250001 
692: 24 0 0 0 1 0 0 0 
692: 24 0 0 0 1 0 0 0 
692: 24 0 0 0 1 0 0 0 
693: 24 0 0 0 1 0 0 0 
693: 24 0 0 0 1 0 0 0 
693: 24 0 0 0 1 0 0 0 
694: 24 0 0 0 1 0 0 0 
694: 24 0 0 0 1 0 0 0 
694: 24 0 0 0 1 0 0 0 
695: 24 0 0 0 1 0 0 0 
695: 24 0 0 0 1 0 0 0 
695: 24 0 0 0 1 0 0 0 
696: 24 0 0 0 1 0 0 0 
696: 24 0 0 0 1 0 0 0 
696: 24 0 0 0 1 0 0 0 
697: 24 0 0 0 1 0 0 0 
697: 24 0 0 0 1 0 0 0 
697: 24 0 0 0 1 0 0 0 
698: 24 0 0 0 1 0 0 0 
698: 24 0 0 0 1 0 0 0 
698: 24 0 0 0 1 0 0 0 
699: 24 0 0 0 1 0 0 0 
699: 24 0 0 0 1 0 0 0 
699: 24 0 0 0 1 0 0 0 
700: 24 0 0 0 1 0 0 0 
700: 24 0 0 0 1 0 0 0 
700: 24 0 0 0 1 0 0 0 
701: 24 0 0 0 1 0 0 0 
701: 24 0 0 0 1 0 0 0 
701: 24 0 0 0 1 0 0 0 
702: 24 0 0 0 1 0 0 0 
702: 24 0 0 0 1 0 0 0 
702: 24 0 0 0 1 0 0 0 
703: 24 0 0 0 1 0 0 0 
703: 24 0 0 0 1 0 0 0 
703: 24 0 0 0 1 0 0 0 
704: 24 0 0 0 1 0 0 0 
704: 24 0 0 0 1 0 0 0 
704: 24 0 0 0 1 0 0 0 
705: 24 0 0 0 1 0 0 0 
705: 24 0 0 0 1 0 0 0 
705: 24 0 0 0 1 0 0 0 
706: 24 0 0 0 1 0 0 0 
706: 24 0 0 0 1 0 0 0 
706: 24 0 0 0 1 0 0 0 
707: 24 0 0 0 1 0 0 0 
707: 24 0 0 0 1 0 0 0 
707: 24 0 0 0 1 0 0 0 
708: 24 0 0 0 1 0 0 0 
708: 24 0 0 0 1 0 0 0 
708: 24 0 0 0 1 0 0 0 
709: 24 0 0 0 1 0 0 0 
709: 24 0 0 0 1 0 0 0 
709: 24 0 0 0 1 0 0 0 
710: 24 0 0 0 1 0 0 0 
710: 24 0 0 0 1 0 0 0 
710: 24 0 0 0 1 0 0 0 
711: 24 0 0 0 1 0 0 0 
711: 24 0 0 0 1 0 0 0 
711: 24 0 0 0 1 0 0 0 
712: 24 0 0 0 1 0 0 0 
712: 24 0 0 0 1 0 0 0 
712: 24 0 0 0 1 0 0 0 
713: 24 0 0 0 1 0 0 0 
713: 24 0 0 0 1 0 0 0 
713: 24 0 0 0 1 0 0 0 
714: 24 0 0 0 1 0 0 0 
714: 24 0 0 0 1 0 0 0 
714: 24 0 0 0 1 0 0 0 
715: 25 0 0 0 1 0 0 0 
715: 25 0 0 0 1 0 0 0 
715: 25 0 0 0 1 0 0 0 
716: 25 0 0 0 1 0 0 0 
716: 25 0 0 0 1 0 0 0 
716: 25 0 0 0 1 0 0 0 
717: 25 0 0 0 1 0 0 0 
717: 25 0 0 0 1 0 0 0 
717: 25 0 0 0 1 0 0 0 
718: 25 0 0 0 1 0 0 0 
718: 25 0 0 0 1 0 0 0 
718: 25 0 0 0 1 0 0 0 
719: 24 0 0 0 1 0 0 0 
719: 24 0 0 0 1 0 0 0 
719: 24 0 0 0 1 0 0 0 
720: 24 25 0 0 0.5 0.5 0 0 
720: 24 25 0 0 0.5 0.5 0 0 
720: 24 25 0 0 0.5 0.5 0 0 
721: 24 0 0 0 1 0 0 0 
721: 24 0 0 0 1 0 0 0 
721: 24 0 0 0 1 0 0 0 
722: 24 0 0 0 1 0 0 0 
722: 24 0 0 0 1 0 0 0 
722: 24 0 0 0 1 0 0 0 
723: 24 25 0 0 0.5 0.5 0 0 
723: 24 25 0 0 0.5 0.5 0 0 
723: 24 25 0 0 0.5 0.5 0 0 
724: 24 25 0 0 0.5 0.5 0 0 
724: 24 25 0 0 0.5 0.5 0 0 
724: 24 25 0 0 0.5 0.5 0 0 
725: 24 25 0 0 0.5 0.5 0 0 
725: 24 25 0 0 0.5 0.5 0 0 
725: 24 25 0 0 0.5 0.5 0 0 
726: 24 0 0 0 1 0 0 0 
726: 24 0 0 0 1 0 0 0 
726: 24 0 0 0 1 0 0 0 
727: 24 0 0 0 1 0 0 0 
727: 24 0 0 0 1 0 0 0 
727: 24 0 0 0 1 0 0 0 
728: 24 0 0 0 1 0 0 0 
728: 24 0 0 0 1 0 0 0 
728: 24 0 0 0 1 0 0 0 
729: 24 0 0 0 1 0 0 0 
729: 24 0 0 0 1 0 0 0 
729: 24 0 0 0 1 0 0 0 
730: 24 0 0 0 1 0 0 0 
730: 24 0 0 0 1 0 0 0 
730: 24 0 0 0 1 0 0 0 
731: 24 0 0 0 1 0 0 0 
731: 24 0 0 0 1 0 0 0 
731: 24 0 0 0 1 0 0 0 
732: 24 0 0 0 1 0 0 0 
732: 24 0 0 0 1 0 0 0 
732: 24 0 0 0 1 0 0 0 
733: 24 0 0 0 1 0 0 0 
733: 24 0 0 0 1 0 0 0 
733: 24 0 0 0 1 0 0 0 
734: 24 0 0 0 1 0 0 0 
734: 24 0 0 0 1 0 0 0 
734: 24 0 0 0 1 0 0 0 
735: 24 0 0 0 1 0 0 0 
735: 24 0 0 0 1 0 0 0 
735: 24 0 0 0 1 0 0 0 
736: 24 0 0 0 1 0 0 0 
736: 24 0 0 0 1 0 0 0 
736: 24 0 0 0 1 0 0 0 
737: 24 0 0 0 1 0 0 0 
737: 24 0 0 0 1 0 0 0 
737: 24 0 0 0 1 0 0 0 
738: 24 0 0 0 1 0 0 0 
738: 24 0 0 0 1 0 0 0 
738: 24 0 0 0 1 0 0 0 
739: 24 0 0 0 1 0 0 0 
739: 24 0 0 0 1 0 0 0 
739: 24 0 0 0 1 0 0 0 
740: 24 25 0 0 0.5 0.5 0 0 
740: 24 25 0 0 0.5 0.5 0 0 
740: 24 25 0 0 0.5 0.5 0 0 
741: 24 25 0 0 0.5 0.5 0 0 
741: 24 25 0 0 0.5 0.5 0 0 
741: 24 25 0 0 0.5 0.5 0 0 
742: 24 0 0 0 1 0 0 0 
742: 24 0 0 0 1 0 0 0 
742: 24 0 0 0 1 0 0 0 
743: 24 0 0 0 1 0 0 0 
743: 24 0 0 0 1 0 0 0 
743: 24 0 0 0 1 0 0 0 
744: 24 25 0 0 0.5 0.5 0 0 
744: 24 25 0 0 0.5 0.5 0 0 
744: 24 25 0 0 0.5 0.5 0 0 
745: 24 0 0 0 1 0 0 0 
745: 24 0 0 0 1 0 0 0 
745: 24 0 0 0 1 0 0 0 
746: 24 25 0 0 0.5 0.5 0 0 
746: 24 25 0 0 0.5 0.5 0 0 
746: 24 25 0 0 0.5 0.5 0 0 
747: 24 0 0 0 1 0 0 0 
747: 24 0 0 0 1 0 0 0 
747: 24 0 0 0 1 0 0 0 
748: 26 27 0 0 0.500001 0.499999 0 0 
748: 26 27 0 0 0.500001 0.499999 0 0 
748: 26 27 0 0 0.500001 0.499999 0 0 
749: 26 27 0 0 0.500001 0.499999 0 0 
749: 26 27 0 0 0.500001 0.499999 0 0 
749: 26 27 0 0 0.500001 0.499999 0 0 
750: 26 27 0 0 0.500001 0.499999 0 0 
750: 26 27 0 0 0.500001 0.499999 0 0 
750: 26 27 0 0 0.500001 0.499999 0 0 
751: 24 25 0 0 0.5 0.5 0 0 
751: 24 25 0 0 0.5 0.5 0 0 
751: 24 25 0 0 0.5 0.5 0 0 
752: 24 0 0 0 1 0 0 0 
752: 24 0 0 0 1 0 0 0 
752: 24 0 0 0 1 0 0 0 
753: 24 25 0 0 0.5 0.5 0 0 
753: 24 25 0 0 0.5 0.5 0 0 
753: 24 25 0 0 0.5 0.5 0 0 
754: 24 0 0 0 1 0 0 0 
754: 24 0 0 0 1 0 0 0 
754: 24 0 0 0 1 0 0 0 
755: 26 27 0 0 0.500001 0.499999 0 0 
755: 26 27 0 0 0.500001 0.499999 0 0 
755: 26 27 0 0 0.500001 0.499999 0 0 
756: 25 26 0 0 0.5 0.5 0 0 
756: 25 26 0 0 0.5 0.5 0 0 
756: 25 26 0 0 0.5 0.5 0 0 
757: 25 26 0 0 0.5 0.5 0 0 
757: 25 26 0 0 0.5 0.5 0 0 
757: 25 26 0 0 0.5 0.5 0 0 
758: 26 27 0 0 0.500001 0.499999 0 0 
758: 26 27 0 0 0.500001 0.499999 0 0 
758: 26 27 0 0 0.500001 0.499999 0 0 
759: 25 26 0 0 0.5 0.5 0 0 
759: 25 26 0 0 0.5 0.5 0 0 
759: 25 26 0 0 0.5 0.5 0 0 
760: 26 27 0 0 0.500001 0.499999 0 0 
760: 26 27 0 0 0.500001 0.499999 0 0 
760: 26 27 0 0 0.500001 0.499999 0 0 
761: 25 26 0 0 0.5 0.5 0 0 
761: 25 26 0 0 0.5 0.5 0 0 
761: 25 26 0 0 0.5 0.5 0 0 
762: 25 0 0 0 1 0 0 0 
762: 25 0 0 0 1 0 0 0 
762: 25 0 0 0 1 0 0 0 
763: 24 25 0 0 0.5 0.5 0 0 
763: 24 25 0 0 0.5 0.5 0 0 
763: 24 25 0 0 0.5 0.5 0 0 
764: 25 26 0 0 0.5 0.5 0 0 
764: 25 26 0 0 0.5 0.5 0 0 
764: 25 26 0 0 0.5 0.5 0 0 
765: 24 25 0 0 0.5 0.5 0 0 
765: 24 25 0 0 0.5 0.5 0 0 
765: 24 25 0 0 0.5 0.5 0 0 
766: 25 26 0 0 0.5 0.5 0 0 
766: 25 26 0 0 0.5 0.5 0 0 
766: 25 26 0 0 0.5 0.5 0 0 
767: 25 0 0 0 1 0 0 0 
767: 25 0 0 0 1 0 0 0 
767: 25 0 0 0 1 0 0 0 
768: 24 25 0 0 0.5 0.5 0 0 
768: 24 25 0 0 0.5 0.5 0 0 
768: 24 25 0 0 0.5 0.5 0 0 
769: 24 25 0 0 0.5 0.5 0 0 
769: 24 25 0 0 0.5 0.5 0 0 
769: 24 25 0 0 0.5 0.5 0 0 
770: 24 25 0 0 0.5 0.5 0 0 
770: 24 25 0 0 0.5 0.5 0 0 
770: 24 25 0 0 0.5 0.5 0 0 
771: 25 0 0 0 1 0 0 0 
771: 25 0 0 0 1 0 0 0 
771: 25 0 0 0 1 0 0 0 
772: 24 25 0 0 0.5 0.5 0 0 
772: 24 25 0 0 0.5 0.5 0 0 
772: 24 25 0 0 0.5 0.5 0 0 
773: 24 25 0 0 0.5 0.5 0 0 
773: 24 25 0 0 0.5 0.5 0 0 
773: 24 25 0 0 0.5 0.5 0 0 
774: 25 0 0 0 1 0 0 0 
774: 25 0 0 0 1 0 0 0 
774: 25 0 0 0 1 0 0 0 
775: 25 0 0 0 1 0 0 0 
775: 25 0 0 0 1 0 0 0 
775: 25 0 0 0 1 0 0 0 
776: 25 26 0 0 0.5 0.5 0 0 
776: 25 26 0 0 0.5 0.5 0 0 
776: 25 26 0 0 0.5 0.5 0 0 
777: 25 0 0 0 1 0 0 0 
777: 25 0 0 0 1 0 0 0 
777: 25 0 0 0 1 0 0 0 
778: 25 26 0 0 0.5 0.5 0 0 
778: 25 26 0 0 0.5 0.5 0 0 
778: 25 26 0 0 0.5 0.5 0 0 
779: 25 26 0 0 0.5 0.5 0 0 
779: 25 26 0 0 0.5 0.5 0 0 
779: 25 26 0 0 0.5 0.5 0 0 
780: 26 27 0 0 0.500001 0.499999 0 0 
780: 26 27 0 0 0.500001 0.499999 0 0 
780: 26 27 0 0 0.500001 0.499999 0 0 
781: 25 26 0 0 0.5 0.5 0 0 
781: 25 26 0 0 0.5 0.5 0 0 
781: 25 26 0 0 0.5 0.5 0 0 
782: 25 26 0 0 0.5 0.5 0 0 
782: 25 26 0 0 0.5 0.5 0 0 
782: 25 26 0 0 0.5 0.5 0 0 
783: 25 26 0 0 0.5 0.5 0 0 
783: 25 26 0 0 0.5 0.5 0 0 
783: 25 26 0 0 0.5 0.5 0 0 
784: 24 25 0 0 0.5 0.5 0 0 
784: 24 25 0 0 0.5 0.5 0 0 
784: 24 25 0 0 0.5 0.5 0 0 
785: 25 26 0 0 0.5 0.5 0 0 
785: 25 26 0 0 0.5 0.5 0 0 
785: 25 26 0 0 0.5 0.5 0 0 
786: 24 25 0 0 0.5 0.5 0 0 
786: 24 25 0 0 0.5 0.5 0 0 
786: 24 25 0 0 0.5 0.5 0 0 
787: 24 25 0 0 0.5 0.5 0 0 
787: 24 25 0 0 0.5 0.5 0 0 
787: 24 25 0 0 0.5 0.5 0 0 
788: 24 25 0 0 0.5 0.5 0 0 
788: 24 25 0 0 0.5 0.5 0 0 
788: 24 25 0 0 0.5 0.5 0 0 
789: 24 25 0 0 0.5 0.5 0 0 
789: 24 25 0 0 0.5 0.5 0 0 
789: 24 25 0 0 0.5 0.5 0 0 
790: 25 26 0 0 0.5 0.5 0 0 
790: 25 26 0 0 0.5 0.5 0 0 
790: 25 26 0 0 0.5 0.5 0 0 
791: 24 25 0 0 0.5 0.5 0 0 
791: 24 25 0 0 0.5 0.5 0 0 
791: 24 25 0 0 0.5 0.5 0 0 
792: 26 27 0 0 0.500001 0.499999 0 0 
792: 26 27 0 0 0.500001 0.499999 0 0 
792: 26 27 0 0 0.500001 0.499999 0 0 
793: 25 26 0 0 0.5 0.5 0 0 
793: 25 26 0 0 0.5 0.5 0 0 
793: 25 26 0 0 0.5 0.5 0 0 
794: 26 27 0 0 0.500001 0.499999 0 0 
794: 26 27 0 0 0.500001 0.499999 0 0 
794: 26 27 0 0 0.500001 0.499999 0 0 
795: 25 26 0 0 0.5 0.5 0 0 
795: 25 26 0 0 0.5 0.5 0 0 
795: 25 26 0 0 0.5 0.5 0 0 
796: 26 27 0 0 0.500001 0.499999 0 0 
796: 26 27 0 0 0.500001 0.499999 0 0 
796: 26 27 0 0 0.500001 0.499999 0 0 
797: 26 27 0 0 0.500001 0.499999 0 0 
797: 26 27 0 0 0.500001 0.499999 0 0 
797: 26 27 0 0 0.500001 0.499999 0 0 
798: 25 26 0 0 0.5 0.5 0 0 
798: 25 26 0 0 0.5 0.5 0 0 
798: 25 26 0 0 0.5 0.5 0 0 
799: 25 26 0 0 0.5 0.5 0 0 
799: 25 26 0 0 0.5 0.5 0 0 
799: 25 26 0 0 0.5 0.5 0 0 
800: 25 26 0 0 0.5 0.5 0 0 
800: 25 26 0 0 0.5 0.5 0 0 
800: 25 26 0 0 0.5 0.5 0 0 
801: 26 27 0 0 0.500001 0.499999 0 0 
801: 26 27 0 0 0.500001 0.499999 0 0 
801: 26 27 0 0 0.500001 0.499999 0 0 
802: 26 27 0 0 0.500001 0.499999 0 0 
802: 26 27 0 0 0.500001 0.499999 0 0 
802: 26 27 0 0 0.500001 0.499999 0 0 
803: 26 27 0 0 0.500001 0.499999 0 0 
803: 26 27 0 0 0.500001 0.499999 0 0 
803: 26 27 0 0 0.500001 0.499999 0 0 
804: 25 26 0 0 0.5 0.5 0 0 
804: 25 26 0 0 0.5 0.5 0 0 
804: 25 26 0 0 0.5 0.5 0 0 
805: 25 26 0 0 0.5 0.5 0 0 
805: 25 26 0 0 0.5 0.5 0 0 
805: 25 26 0 0 0.5 0.5 0 0 
806: 25 26 0 0 0.5 0.5 0 0 
806: 25 26 0 0 0.5 0.5 0 0 
806: 25 26 0 0 0.5 0.5 0 0 
807: 26 27 0 0 0.500001 0.499999 0 0 
807: 26 27 0 0 0.500001 0.499999 0 0 
807: 26 27 0 0 0.500001 0.499999 0 0 
808: 25 26 0 0 0.5 0.5 0 0 
808: 25 26 0 0 0.5 0.5 0 0 
808: 25 26 0 0 0.5 0.5 0 0 
809: 25 26 0 0 0.5 0.5 0 0 
809: 25 26 0 0 0.5 0.5 0 0 
809: 25 26 0 0 0.5 0.5 0 0 
810: 24 25 0 0 0.5 0.5 0 0 
810: 24 25 0 0 0.5 0.5 0 0 
810: 24 25 0 0 0.5 0.5 0 0 
811: 24 25 0 0 0.5 0.5 0 0 
811: 24 25 0 0 0.5 0.5 0 0 
811: 24 25 0 0 0.5 0.5 0 0 
812: 25 0 0 0 1 0 0 0 
812: 25 0 0 0 1 0 0 0 
812: 25 0 0 0 1 0 0 0 
813: 25 26 0 0 0.5 0.5 0 0 
813: 25 26 0 0 0.5 0.5 0 0 
813: 25 26 0 0 0.5 0.5 0 0 
814: 24 0 0 0 1 0 0 0 
814: 24 0 0 0 1 0 0 0 
814: 24 0 0 0 1 0 0 0 
815: 24 0 0 0 1 0 0 0 
815: 24 0 0 0 1 0 0 0 
815: 24 0 0 0 1 0 0 0 
816: 24 0 0 0 1 0 0 0 
816: 24 0 0 0 1 0 0 0 
816: 24 0 0 0 1 0 0 0 
817: 24 0 0 0 1 0 0 0 
817: 24 0 0 0 1 0 0 0 
817: 24 0 0 0 1 0 0 0 
818: 24 0 0 0 1 0 0 0 
818: 24 0 0 0 1 0 0 0 
818: 24 0 0 0 1 0 0 0 
819: 24 0 0 0 1 0 0 0 
819: 24 0 0 0 1 0 0 0 
819: 24 0 0 0 1 0 0 0 
820: 26 27 0 0 0.500001 0.499999 0 0 
820: 26 27 0 0 0.500001 0.499999 0 0 
820: 26 27 0 0 0.500001 0.499999 0 0 
821: 26 27 0 0 0.500001 0.499999 0 0 
821: 26 27 0 0 0.500001 0.499999 0 0 
821: 26 27 0 0 0.500001 0.499999 0 0 
822: 26 27 0 0 0.500001 0.499999 0 0 
822: 26 27 0 0 0.500001 0.499999 0 0 
822: 26 27 0 0 0.500001 0.499999 0 0 
823: 26 27 0 0 0.500001 0.499999 0 0 
823: 26 27 0 0 0.500001 0.499999 0 0 
823: 26 27 0 0 0.500001 0.499999 0 0 
824: 26 27 0 0 0.500001 0.499999 0 0 
824: 26 27 0 0 0.500001 0.499999 0 0 
824: 26 27 0 0 0.500001 0.499999 0 0 
825: 26 27 0 0 0.500001 0.499999 0 0 
825: 26 27 0 0 0.500001 0.499999 0 0 
825: 26 27 0 0 0.500001 0.499999 0 0 
826: 26 27 0 0 0.500001 0.499999 0 0 
826: 26 27 0 0 0.500001 0.499999 0 0 
826: 26 27 0 0 0.500001 0.499999 0 0 
827: 26 27 0 0 0.500001 0.499999 0 0 
827: 26 27 0 0 0.500001 0.499999 0 0 
827: 26 27 0 0 0.500001 0.499999 0 0 
828: 26 27 0 0 0.500001 0.499999 0 0 
828: 26 27 0 0 0.500001 0.499999 0 0 
828: 26 27 0 0 0.500001 0.499999 0 0 
829: 26 27 0 0 0.500001 0.499999 0 0 
829: 26 27 0 0 0.500001 0.499999 0 0 
829: 26 27 0 0 0.500001 0.499999 0 0 
830: 26 27 0 0 0.500001 0.499999 0 0 
830: 26 27 0 0 0.500001 0.499999 0 0 
830: 26 27 0 0 0.500001 0.499999 0 0 
831: 26 27 0 0 0.500001 0.499999 0 0 
831: 26 27 0 0 0.500001 0.499999 0 0 
831: 26 27 0 0 0.500001 0.499999 0 0 
832: 26 27 0 0 0.500001 0.499999 0 0 
832: 26 27 0 0 0.500001 0.499999 0 0 
832: 26 27 0 0 0.500001 0.499999 0 0 
833: 26 27 0 0 0.500001 0.499999 0 0 
833: 26 27 0 0 0.500001 0.499999 0 0 
833: 26 27 0 0 0.500001 0.499999 0 0 
834: 26 27 0 0 0.500001 0.499999 0 0 
834: 26 27 0 0 0.500001 0.499999 0 0 
834: 26 27 0 0 0.500001 0.499999 0 0 
835: 25 0 0 0 1 0 0 0 
835: 25 0 0 0 1 0 0 0 
835: 25 0 0 0 1 0 0 0 
836: 24 25 0 0 0.5 0.5 0 0 
836: 24 25 0 0 0.5 0.5 0 0 
836: 24 25 0 0 0.5 0.5 0 0 
837: 25 0 0 0 1 0 0 0 
837: 25 0 0 0 1 0 0 0 
837: 25 0 0 0 1 0 0 0 
838: 24 0 0 0 1 0 0 0 
838: 24 0 0 0 1 0 0 0 
838: 24 0 0 0 1 0 0 0 
839: 24 0 0 0 1 0 0 0 
839: 24 0 0 0 1 0 0 0 
839: 24 0 0 0 1 0 0 0 
840: 24 0 0 0 1 0 0 0 
840: 24 0 0 0 1 0 0 0 
840: 24 0 0 0 1 0 0 0 
841: 24 0 0 0 1 0 0 0 
841: 24 0 0 0 1 0 0 0 
841: 24 0 0 0 1 0 0 0 
842: 24 0 0 0 1 0 0 0 
842: 24 0 0 0 1 0 0 0 
842: 24 0 0 0 1 0 0 0 
843: 24 0 0 0 1 0 0 0 
843: 24 0 0 0 1 0 0 0 
843: 24 0 0 0 1 0 0 0 
844: 24 25 0 0 0.5 0.5 0 0 
844: 24 25 0 0 0.5 0.5 0 0 
844: 24 25 0 0 0.5 0.5 0 0 
845: 25 0 0 0 1 0 0 0 
845: 25 0 0 0 1 0 0 0 
845: 25 0 0 0 1 0 0 0 
846: 25 0 0 0 1 0 0 0 
846: 25 0 0 0 1 0 0 0 
846: 25 0 0 0 1 0 0 0 
847: 24 25 0 0 0.5 0.5 0 0 
847: 24 25 0 0 0.5 0.5 0 0 
847: 24 25 0 0 0.5 0.5 0 0 
848: 24 0 0 0 1 0 0 0 
848: 24 0 0 0 1 0 0 0 
848: 24 0 0 0 1 0 0 0 
849: 24 25 0 0 0.5 0.5 0 0 
849: 24 25 0 0 0.5 0.5 0 0 
849: 24 25 0 0 0.5 0.5 0 0 
850: 24 25 0 0 0.5 0.5 0 0 
850: 24 25 0 0 0.5 0.5 0 0 
850: 24 25 0 0 0.5 0.5 0 0 
851: 24 25 0 0 0.5 0.5 0 0 
851: 24 25 0 0 0.5 0.5 0 0 
851: 24 25 0 0 0.5 0.5 0 0 
852: 24 0 0 0 1 0 0 0 
852: 24 0 0 0 1 0 0 0 
852: 24 0 0 0 1 0 0 0 
853: 24 0 0 0 1 0 0 0 
853: 24 0 0 0 1 0 0 0 
853: 24 0 0 0 1 0 0 0 
854: 24 0 0 0 1 0 0 0 
854: 24 0 0 0 1 0 0 0 
854: 24 0 0 0 1 0 0 0 
855: 24 0 0 0 1 0 0 0 
855: 24 0 0 0 1 0 0 0 
855: 24 0 0 0 1 0 0 0 
856: 24 0 0 0 1 0 0 0 
856: 24 0 0 0 1 0 0 0 
856: 24 0 0 0 1 0 0 0 
857: 24 0 0 0 1 0 0 0 
857: 24 0 0 0 1 0 0 0 
857: 24 0 0 0 1 0 0 0 
858: 24 0 0 0 1 0 0 0 
858: 24 0 0 0 1 0 0 0 
858: 24 0 0 0 1 0 0 0 
859: 24 0 0 0 1 0 0 0 
859: 24 0 0 0 1 0 0 0 
859: 24 0 0 0 1 0 0 0 
860: 24 25 0 0 0.5 0.5 0 0 
860: 24 25 0 0 0.5 0.5 0 0 
860: 24 25 0 0 0.5 0.5 0 0 
861: 24 0 0 0 1 0 0 0 
861: 24 0 0 0 1 0 0 0 
861: 24 0 0 0 1 0 0 0 
862: 24 0 0 0 1 0 0 0 
862: 24 0 0 0 1 0 0 0 
862: 24 0 0 0 1 0 0 0 
863: 24 0 0 0 1 0 0 0 
863: 24 0 0 0 1 0 0 0 
863: 24 0 0 0 1 0 0 0 
864: 24 0 0 0 1 0 0 0 
864: 24 0 0 0 1 0 0 0 
864: 24 0 0 0 1 0 0 0 
865: 24 0 0 0 1 0 0 0 
865: 24 0 0 0 1 0 0 0 
865: 24 0 0 0 1 0 0 0 
866: 24 0 0 0 1 0 0 0 
866: 24 0 0 0 1 0 0 0 
866: 24 0 0 0 1 0 0 0 
867: 24 0 0 0 1 0 0 0 
867: 24 0 0 0 1 0 0 0 
867: 24 0 0 0 1 0 0 0 
868: 24 0 0 0 1 0 0 0 
868: 24 0 0 0 1 0 0 0 
868: 24 0 0 0 1 0 0 0 
869: 24 0 0 0 1 0 0 0 
869: 24 0 0 0 1 0 0 0 
869: 24 0 0 0 1 0 0 0 
870: 24 0 0 0 1 0 0 0 
870: 24 0 0 0 1 0 0 0 
870: 24 0 0 0 1 0 0 0 
871: 24 0 0 0 1 0 0 0 
871: 24 0 0 0 1 0 0 0 
871: 24 0 0 0 1 0 0 0 
872: 24 0 0 0 1 0 0 0 
872: 24 0 0 0 1 0 0 0 
872: 24 0 0 0 1 0 0 0 
873: 24 0 0 0 1 0 0 0 
873: 24 0 0 0 1 0 0 0 
873: 24 0 0 0 1 0 0 0 
874: 24 0 0 0 1 0 0 0 
874: 24 0 0 0 1 0 0 0 
874: 24 0 0 0 1 0 0 0 
875: 24 0 0 0 1 0 0 0 
875: 24 0 0 0 1 0 0 0 
875: 24 0 0 0 1 0 0 0 
876: 24 0 0 0 1 0 0 0 
876: 24 0 0 0 1 0 0 0 
876: 24 0 0 0 1 0 0 0 
877: 24 0 0 0 1 0 0 0 
877: 24 0 0 0 1 0 0 0 
877: 24 0 0 0 1 0 0 0 
878: 24 0 0 0 1 0 0 0 
878: 24 0 0 0 1 0 0 0 
878: 24 0 0 0 1 0 0 0 
879: 24 0 0 0 1 0 0 0 
879: 24 0 0 0 1 0 0 0 
879: 24 0 0 0 1 0 0 0 
880: 24 0 0 0 1 0 0 0 
880: 24 0 0 0 1 0 0 0 
880: 24 0 0 0 1 0 0 0 
881: 24 0 0 0 1 0 0 0 
881: 24 0 0 0 1 0 0 0 
881: 24 0 0 0 1 0 0 0 
882: 24 0 0 0 1 0 0 0 
882: 24 0 0 0 1 0 0 0 
882: 24 0 0 0 1 0 0 0 
883: 19 0 0 0 1 0 0 0 
883: 19 0 0 0 1 0 0 0 
883: 19 0 0 0 1 0 0 0 
884: 19 0 0 0 1 0 0 0 
884: 19 0 0 0 1 0 0 0 
884: 19 0 0 0 1 0 0 0 
885: 19 0 0 0 1 0 0 0 
885: 19 0 0 0 1 0 0 0 
885: 19 0 0 0 1 0 0 0 
886: 19 0 0 0 1 0 0 0 
886: 19 0 0 0 1 0 0 0 
886: 19 0 0 0 1 0 0 0 
887: 19 0 0 0 1 0 0 0 
887: 19 0 0 0 1 0 0 0 
887: 19 0 0 0 1 0 0 0 
888: 19 0 0 0 1 0 0 0 
888: 19 0 0 0 1 0 0 0 
888: 19 0 0 0 1 0 0 0 
889: 19 0 0 0 1 0 0 0 
889: 19 0 0 0 1 0 0 0 
889: 19 0 0 0 1 0 0 0 
890: 19 0 0 0 1 0 0 0 
890: 19 0 0 0 1 0 0 0 
890: 19 0 0 0 1 0 0 0 
891: 19 0 0 0 1 0 0 0 
891: 19 0 0 0 1 0 0 0 
891: 19 0 0 0 1 0 0 0 
892: 19 0 0 0 1 0 0 0 
892: 19 0 0 0 1 0 0 0 
892: 19 0 0 0 1 0 0 0 
893: 19 0 0 0 1 0 0 0 
893: 19 0 0 0 1 0 0 0 
893: 19 0 0 0 1 0 0 0 
894: 19 0 0 0 1 0 0 0 
894: 19 0 0 0 1 0 0 0 
894: 19 0 0 0 1 0 0 0 
895: 19 0 0 0 1 0 0 0 
895: 19 0 0 0 1 0 0 0 
895: 19 0 0 0 1 0 0 0 
896: 19 0 0 0 1 0 0 0 
896: 19 0 0 0 1 0 0 0 
896: 19 0 0 0 1 0 0 0 
897: 19 0 0 0 1 0 0 0 
897: 19 0 0 0 1 0 0 0 
897: 19 0 0 0 1 0 0 0 
898: 19 0 0 0 1 0 0 0 
898: 19 0 0 0 1 0 0 0 
898: 19 0 0 0 1 0 0 0 
899: 19 0 0 0 1 0 0 0 
899: 19 0 0 0 1 0 0 0 
899: 19 0 0 0 1 0 0 0 
900: 19 0 0 0 1 0 0 0 
900: 19 0 0 0 1 0 0 0 
900: 19 0 0 0 1 0 0 0 
901: 19 0 0 0 1 0 0 0 
901: 19 0 0 0 1 0 0 0 
901: 19 0 0 0 1 0 0 0 
902: 19 0 0 0 1 0 0 0 
902: 19 0 0 0 1 0 0 0 
902: 19 0 0 0 1 0 0 0 
903: 19 0 0 0 1 0 0 0 
903: 19 0 0 0 1 0 0 0 
903: 19 0 0 0 1 0 0 0 
904: 19 0 0 0 1 0 0 0 
904: 19 0 0 0 1 0 0 0 
904: 19 0 0 0 1 0 0 0 
905: 19 0 0 0 1 0 0 0 
905: 19 0 0 0 1 0 0 0 
905: 19 0 0 0 1 0 0 0 
906: 20 0 0 0 1 0 0 0 
906: 20 0 0 0 1 0 0 0 
906: 20 0 0 0 1 0 0 0 
907: 20 0 0 0 1 0 0 0 
907: 20 0 0 0 1 0 0 0 
907: 20 0 0 0 1 0 0 0 
908: 20 0 0 0 1 0 0 0 
908: 20 0 0 0 1 0 0 0 
908: 20 0 0 0 1 0 0 0 
909: 20 0 0 0 1 0 0 0 
909: 20 0 0 0 1 0 0 0 
909: 20 0 0 0 1 0 0 0 
910: 19 0 0 0 1 0 0 0 
910: 19 0 0 0 1 0 0 0 
910: 19 0 0 0 1 0 0 0 
911: 19 0 0 0 1 0 0 0 
911: 19 0 0 0 1 0 0 0 
911: 19 0 0 0 1 0 0 0 
912: 19 20 0 0 0.5 0.5 0 0 
912: 19 20 0 0 0.5 0.5 0 0 
912: 19 20 0 0 0.5 0.5 0 0 
913: 19 0 0 0 1 0 0 0 
913: 19 0 0 0 1 0 0 0 
913: 19 0 0 0 1 0 0 0 
914: 19 20 0 0 0.5 0.5 0 0 
914: 19 20 0 0 0.5 0.5 0 0 
914: 19 20 0 0 0.5 0.5 0 0 
915: 19 20 0 0 0.5 0.5 0 0 
915: 19 20 0 0 0.5 0.5 0 0 
915: 19 20 0 0 0.5 0.5 0 0 
916: 19 0 0 0 1 0 0 0 
916: 19 0 0 0 1 0 0 0 
916: 19 0 0 0 1 0 0 0 
917: 19 20 0 0 0.5 0.5 0 0 
917: 19 20 0 0 0.5 0.5 0 0 
917: 19 20 0 0 0.5 0.5 0 0 
918: 19 0 0 0 1 0 0 0 
918: 19 0 0 0 1 0 0 0 
918: 19 0 0 0 1 0 0 0 
919: 19 0 0 0 1 0 0 0 
919: 19 0 0 0 1 0 0 0 
919: 19 0 0 0 1 0 0 0 
920: 19 0 0 0 1 0 0 0 
920: 19 0 0 0 1 0 0 0 
920: 19 0 0 0 1 0 0 0 
921: 19 0 0 0 1 0 0 0 
921: 19 0 0 0 1 0 0 0 
921: 19 0 0 0 1 0 0 0 
922: 19 0 0 0 1 0 0 0 
922: 19 0 0 0 1 0 0 0 
922: 19 0 0 0 1 0 0 0 
923: 19 0 0 0 1 0 0 0 
923: 19 0 0 0 1 0 0 0 
923: 19 0 0 0 1 0 0 0 
924: 19 0 0 0 1 0 0 0 
924: 19 0 0 0 1 0 0 0 
924: 19 0 0 0 1 0 0 0 
925: 19 0 0 0 1 0 0 0 
925: 19 0 0 0 1 0 0 0 
925: 19 0 0 0 1 0 0 0 
926: 19 0 0 0 1 0 0 0 
926: 19 0 0 0 1 0 0 0 
926: 19 0 0 0 1 0 0 0 
927: 19 0 0 0 1 0 0 0 
927: 19 0 0 0 1 0 0 0 
927: 19 0 0 0 1 0 0 0 
928: 19 0 0 0 1 0 0 0 
928: 19 0 0 0 1 0 0 0 
928: 19 0 0 0 1 0 0 0 
929: 19 0 0 0 1 0 0 0 
929: 19 0 0 0 1 0 0 0 
929: 19 0 0 0 1 0 0 0 
930: 19 0 0 0 1 0 0 0 
930: 19 0 0 0 1 0 0 0 
930: 19 0 0 0 1 0 0 0 
931: 19 20 0 0 0.5 0.5 0 0 
931: 19 20 0 0 0.5 0.5 0 0 
931: 19 20 0 0 0.5 0.5 0 0 
932: 19 20 0 0 0.5 0.5 0 0 
932: 19 20 0 0 0.5 0.5 0 0 
932: 19 20 0 0 0.5 0.5 0 0 
933: 19 0 0 0 1 0 0 0 
933: 19 0 0 0 1 0 0 0 
933: 19 0 0 0 1 0 0 0 
934: 19 0 0 0 1 0 0 0 
934: 19 0 0 0 1 0 0 0 
934: 19 0 0 0 1 0 0 0 
935: 19 0 0 0 1 0 0 0 
935: 19 0 0 0 1 0 0 0 
935: 19 0 0 0 1 0 0 0 
936: 19 20 0 0 0.5 0.5 0 0 
936: 19 20 0 0 0.5 0.5 0 0 
936: 19 20 0 0 0.5 0.5 0 0 
937: 19 0 0 0 1 0 0 0 
937: 19 0 0 0 1 0 0 0 
937: 19 0 0 0 1 0 0 0 
938: 19 20 0 0 0.5 0.5 0 0 
938: 19 20 0 0 0.5 0.5 0 0 
938: 19 20 0 0 0.5 0.5 0 0 
939: 21 22 0 0 0.500001 0.499999 0 0 
939: 21 22 0 0 0.500001 0.499999 0 0 
939: 21 22 0 0 0.500001 0.499999 0 0 
940: 21 22 0 0 0.500001 0.499999 0 0 
940: 21 22 0 0 0.500001 0.499999 0 0 
940: 21 22 0 0 0.500001 0.499999 0 0 
941: 21 22 0 0 0.500001 0.499999 0 0 
941: 21 22 0 0 0.500001 0.499999 0 0 
941: 21 22 0 0 0.500001 0.499999 0 0 
942: 19 20 0 0 0.5 0.5 0 0 
942: 19 20 0 0 0.5 0.5 0 0 
942: 19 20 0 0 0.5 0.5 0 0 
943: 19 0 0 0 1 0 0 0 
943: 19 0 0 0 1 0 0 0 
943: 19 0 0 0 1 0 0 0 
944: 19 20 0 0 0.5 0.5 0 0 
944: 19 20 0 0 0.5 0.5 0 0 
944: 19 20 0 0 0.5 0.5 0 0 
945: 19 0 0 0 1 0 0 0 
945: 19 0 0 0 1 0 0 0 
945: 19 0 0 0 1 0 0 0 
946: 21 22 0 0 0.500001 0.499999 0 0 
946: 21 22 0 0 0.500001 0.499999 0 0 
946: 21 22 0 0 0.500001 0.499999 0 0 
947: 20 21 0 0 0.5 0.5 0 0 
947: 20 21 0 0 0.5 0.5 0 0 
947: 20 21 0 0 0.5 0.5 0 0 
948: 20 21 0 0 0.5 0.5 0 0 
948: 20 21 0 0 0.5 0.5 0 0 
948: 20 21 0 0 0.5 0.5 0 0 
949: 21 22 0 0 0.500001 0.499999 0 0 
949: 21 22 0 0 0.500001 0.499999 0 0 
949: 21 22 0 0 0.500001 0.499999 0 0 
950: 21 22 0 0 0.500001 0.499999 0 0 
950: 21 22 0 0 0.500001 0.499999 0 0 
950: 21 22 0 0 0.500001 0.499999 0 0 
951: 20 21 0 0 0.5 0.5 0 0 
951: 20 21 0 0 0.5 0.5 0 0 
951: 20 21 0 0 0.5 0.5 0 0 
952: 20 21 0 0 0.5 0.5 0 0 
952: 20 21 0 0 0.5 0.5 0 0 
952: 20 21 0 0 0.5 0.5 0 0 
953: 19 20 0 0 0.5 0.5 0 0 
953: 19 20 0 0 0.5 0.5 0 0 
953: 19 20 0 0 0.5 0.5 0 0 
954: 20 0 0 0 1 0 0 0 
954: 20 0 0 0 1 0 0 0 
954: 20 0 0 0 1 0 0 0 
955: 20 21 0 0 0.5 0.5 0 0 
955: 20 21 0 0 0.5 0.5 0 0 
955: 20 21 0 0 0.5 0.5 0 0 
956: 20 21 0 0 0.5 0.5 0 0 
956: 20 21 0 0 0.5 0.5 0 0 
956: 20 21 0 0 0.5 0.5 0 0 
957: 19 20 0 0 0.5 0.5 0 0 
957: 19 20 0 0 0.5 0.5 0 0 
957: 19 20 0 0 0.5 0.5 0 0 
958: 20 0 0 0 1 0 0 0 
958: 20 0 0 0 1 0 0 0 
958: 20 0 0 0 1 0 0 0 
959: 19 20 0 0 0.5 0.5 0 0 
959: 19 20 0 0 0.5 0.5 0 0 
959: 19 20 0 0 0.5 0.5 0 0 
960: 19 20 0 0 0.5 0.5 0 0 
960: 19 20 0 0 0.5 0.5 0 0 
960: 19 20 0 0 0.5 0.5 0 0 
961: 19 20 0 0 0.5 0.5 0 0 
961: 19 20 0 0 0.5 0.5 0 0 
961: 19 20 0 0 0.5 0.5 0 0 
962: 20 0 0 0 1 0 0 0 
962: 20 0 0 0 1 0 0 0 
962: 20 0 0 0 1 0 0 0 
963: 19 20 0 0 0.5 0.5 0 0 
963: 19 20 0 0 0.5 0.5 0 0 
963: 19 20 0 0 0.5 0.5 0 0 
964: 19 20 0 0 0.5 0.5 0 0 
964: 19 20 0 0 0.5 0.5 0 0 
964: 19 20 0 0 0.5 0.5 0 0 
965: 20 0 0 0 1 0 0 0 
965: 20 0 0 0 1 0 0 0 
965: 20 0 0 0 1 0 0 0 
966: 20 0 0 0 1 0 0 0 
966: 20 0 0 0 1 0 0 0 
966: 20 0 0 0 1 0 0 0 
967: 20 21 0 0 0.5 0.5 0 0 
967: 20 21 0 0 0.5 0.5 0 0 
967: 20 21 0 0 0.5 0.5 0 0 
968: 20 0 0 0 1 0 0 0 
968: 20 0 0 0 1 0 0 0 
968: 20 0 0 0 1 0 0 0 
969: 20 21 0 0 0.5 0.5 0 0 
969: 20 21 0 0 0.5 0.5 0 0 
969: 20 21 0 0 0.5 0.5 0 0 
970: 20 21 0 0 0.5 0.5 0 0 
970: 20 21 0 0 0.5 0.5 0 0 
970: 20 21 0 0 0.5 0.5 0 0 
971: 21 22 0 0 0.500001 0.499999 0 0 
971: 21 22 0 0 0.500001 0.499999 0 0 
971: 21 22 0 0 0.500001 0.499999 0 0 
972: 20 21 0 0 0.5 0.5 0 0 
972: 20 21 0 0 0.5 0.5 0 0 
972: 20 21 0 0 0.5 0.5 0 0 
973: 20 21 0 0 0.5 0.5 0 0 
973: 20 21 0 0 0.5 0.5 0 0 
973: 20 21 0 0 0.5 0.5 0 0 
974: 19 20 0 0 0.5 0.5 0 0 
974: 19 20 0 0 0.5 0.5 0 0 
974: 19 20 0 0 0.5 0.5 0 0 
975: 20 21 0 0 0.5 0.5 0 0 
975: 20 21 0 0 0.5 0.5 0 0 
975: 20 21 0 0 0.5 0.5 0 0 
976: 20 21 0 0 0.5 0.5 0 0 
976: 20 21 0 0 0.5 0.5 0 0 
976: 20 21 0 0 0.5 0.5 0 0 
977: 19 20 0 0 0.5 0.5 0 0 
977: 19 20 0 0 0.5 0.5 0 0 
977: 19 20 0 0 0.5 0.5 0 0 
978: 19 20 0 0 0.5 0.5 0 0 
978: 19 20 0 0 0.5 0.5 0 0 
978: 19 20 0 0 0.5 0.5 0 0 
979: 19 20 0 0 0.5 0.5 0 0 
979: 19 20 0 0 0.5 0.5 0 0 
979: 19 20 0 0 0.5 0.5 0 0 
980: 19 20 0 0 0.5 0.5 0 0 
980: 19 20 0 0 0.5 0.5 0 0 
980: 19 20 0 0 0.5 0.5 0 0 
981: 20 21 0 0 0.5 0.5 0 0 
981: 20 21 0 0 0.5 0.5 0 0 
981: 20 21 0 0 0.5 0.5 0 0 
982: 19 20 0 0 0.5 0.5 0 0 
982: 19 20 0 0 0.5 0.5 0 0 
982: 19 20 0 0 0.5 0.5 0 0 
983: 21 22 0 0 0.500001 0.499999 0 0 
983: 21 22 0 0 0.500001 0.499999 0 0 
983: 21 22 0 0 0.500001 0.499999 0 0 
984: 20 21 0 0 0.5 0.5 0 0 
984: 20 21 0 0 0.5 0.5 0 0 
984: 20 21 0 0 0.5 0.5 0 0 
985: 21 22 0 0 0.500001 0.499999 0 0 
985: 21 22 0 0 0.500001 0.499999 0 0 
985: 21 22 0 0 0.500001 0.499999 0 0 
986: 20 21 0 0 0.5 0.5 0 0 
986: 20 21 0 0 0.5 0.5 0 0 
986: 20 21 0 0 0.5 0.5 0 0 
987: 21 22 0 0 0.500001 0.499999 0 0 
987: 21 22 0 0 0.500001 0.499999 0 0 
987: 21 22 0 0 0.500001 0.499999 0 0 
988: 20 21 0 0 0.5 0.5 0 0 
988: 20 21 0 0 0.5 0.5 0 0 
988: 20 21 0 0 0.5 0.5 0 0 
989: 21 22 0 0 0.500001 0.499999 0 0 
989: 21 22 0 0 0.500001 0.499999 0 0 
989: 21 22 0 0 0.500001 0.499999 0 0 
990: 20 21 0 0 0.5 0.5 0 0 
990: 20 21 0 0 0.5 0.5 0 0 
990: 20 21 0 0 0.5 0.5 0 0 
991: 21 22 0 0 0.500001 0.499999 0 0 
991: 21 22 0 0 0.500001 0.499999 0 0 
991: 21 22 0 0 0.500001 0.499999 0 0 
992: 20 21 0 0 0.5 0.5 0 0 
992: 20 21 0 0 0.5 0.5 0 0 
992: 20 21 0 0 0.5 0.5 0 0 
993: 21 22 0 0 0.500001 0.499999 0 0 
993: 21 22 0 0 0.500001 0.499999 0 0 
993: 21 22 0 0 0.500001 0.499999 0 0 
994: 20 21 0 0 0.5 0.5 0 0 
994: 20 21 0 0 0.5 0.5 0 0 
994: 20 21 0 0 0.5 0.5 0 0 
995: 21 22 0 0 0.500001 0.499999 0 0 
995: 21 22 0 0 0.500001 0.499999 0 0 
995: 21 22 0 0 0.500001 0.499999 0 0 
996: 20 21 0 0 0.5 0.5 0 0 
996: 20 21 0 0 0.5 0.5 0 0 
996: 20 21 0 0 0.5 0.5 0 0 
997: 21 22 0 0 0.500001 0.499999 0 0 
997: 21 22 0 0 0.500001 0.499999 0 0 
997: 21 22 0 0 0.500001 0.499999 0 0 
998: 20 21 0 0 0.5 0.5 0 0 
998: 20 21 0 0 0.5 0.5 0 0 
998: 20 21 0 0 0.5 0.5 0 0 
999: 20 21 0 0 0.5 0.5 0 0 
999: 20 21 0 0 0.5 0.5 0 0 
999: 20 21 0 0 0.5 0.5 0 0 
1000: 19 20 0 0 0.5 0.5 0 0 
1000: 19 20 0 0 0.5 0.5 0 0 
1000: 19 20 0 0 0.5 0.5 0 0 
1001: 20 21 0 0 0.5 0.5 0 0 
1001: 20 21 0 0 0.5 0.5 0 0 
1001: 20 21 0 0 0.5 0.5 0 0 
1002: 19 20 0 0 0.5 0.5 0 0 
1002: 19 20 0 0 0.5 0.5 0 0 
1002: 19 20 0 0 0.5 0.5 0 0 
1003: 20 21 0 0 0.5 0.5 0 0 
1003: 20 21 0 0 0.5 0.5 0 0 
1003: 20 21 0 0 0.5 0.5 0 0 
1004: 20 0 0 0 1 0 0 0 
1004: 20 0 0 0 1 0 0 0 
1004: 20 0 0 0 1 0 0 0 
1005: 19 0 0 0 1 0 0 0 
1005: 19 0 0 0 1 0 0 0 
1005: 19 0 0 0 1 0 0 0 
1006: 19 0 0 0 1 0 0 0 
1006: 19 0 0 0 1 0 0 0 
1006: 19 0 0 0 1 0 0 0 
1007: 19 0 0 0 1 0 0 0 
1007: 19 0 0 0 1 0 0 0 
1007: 19 0 0 0 1 0 0 0 
1008: 19 0 0 0 1 0 0 0 
1008: 19 0 0 0 1 0 0 0 
1008: 19 0 0 0 1 0 0 0 
1009: 19 0 0 0 1 0 0 0 
1009: 19 0 0 0 1 0 0 0 
1009: 19 0 0 0 1 0 0 0 
1010: 19 0 0 0 1 0 0 0 
1010: 19 0 0 0 1 0 0 0 
1010: 19 0 0 0 1 0 0 0 
1011: 21 22 0 0 0.500001 0.499999 0 0 
1011: 21 22 0 0 0.500001 0.499999 0 0 
1011: 21 22 0 0 0.500001 0.499999 0 0 
1012: 21 22 0 0 0.500001 0.499999 0 0 
1012: 21 22 0 0 0.500001 0.499999 0 0 
1012: 21 22 0 0 0.500001 0.499999 0 0 
1013: 21 22 0 0 0.500001 0.499999 0 0 
1013: 21 22 0 0 0.500001 0.499999 0 0 
1013: 21 22 0 0 0.500001 0.499999 0 0 
1014: 21 22 0 0 0.500001 0.499999 0 0 
1014: 21 22 0 0 0.500001 0.499999 0 0 
1014: 21 22 0 0 0.500001 0.499999 0 0 
1015: 21 22 0 0 0.500001 0.499999 0 0 
1015: 21 22 0 0 0.500001 0.499999 0 0 
1015: 21 22 0 0 0.500001 0.499999 0 0 
1016: 21 22 0 0 0.500001 0.499999 0 0 
1016: 21 22 0 0 0.500001 0.499999 0 0 
1016: 21 22 0 0 0.500001 0.499999 0 0 
1017: 21 22 0 0 0.500001 0.499999 0 0 
1017: 21 22 0 0 0.500001 0.499999 0 0 
1017: 21 22 0 0 0.500001 0.499999 0 0 
1018: 21 22 0 0 0.500001 0.499999 0 0 
1018: 21 22 0 0 0.500001 0.499999 0 0 
1018: 21 22 0 0 0.500001 0.499999 0 0 
1019: 21 22 0 0 0.500001 0.499999 0 0 
1019: 21 22 0 0 0.500001 0.499999 0 0 
1019: 21 22 0 0 0.500001 0.499999 0 0 
1020: 21 22 0 0 0.500001 0.499999 0 0 
1020: 21 22 0 0 0.500001 0.499999 0 0 
1020: 21 22 0 0 0.500001 0.499999 0 0 
1021: 21 22 0 0 0.500001 0.499999 0 0 
1021: 21 22 0 0 0.500001 0.499999 0 0 
1021: 21 22 0 0 0.500001 0.499999 0 0 
1022: 21 22 0 0 0.500001 0.499999 0 0 
1022: 21 22 0 0 0.500001 0.499999 0 0 
1022: 21 22 0 0 0.500001 0.499999 0 0 
1023: 21 22 0 0 0.500001 0.499999 0 0 
1023: 21 22 0 0 0.500001 0.499999 0 0 
1023: 21 22 0 0 0.500001 0.499999 0 0 
1024: 21 22 0 0 0.500001 0.499999 0 0 
1024: 21 22 0 0 0.500001 0.499999 0 0 
1024: 21 22 0 0 0.500001 0.499999 0 0 
1025: 21 22 0 0 0.500001 0.499999 0 0 
1025: 21 22 0 0 0.500001 0.499999 0 0 
1025: 21 22 0 0 0.500001 0.499999 0 0 
1026: 20 0 0 0 1 0 0 0 
1026: 20 0 0 0 1 0 0 0 
1026: 20 0 0 0 1 0 0 0 
1027: 20 0 0 0 1 0 0 0 
1027: 20 0 0 0 1 0 0 0 
1027: 20 0 0 0 1 0 0 0 
