0:  (2, 1) 
1:  (2, 1) 
2:  (2, 1) 
3:  (2, 0.5)  (3, 0.5) 
4:  (2, 0.5)  (3, 0.5) 
5:  (2, 0.5)  (3, 0.5) 
6:  (2, 1) 
7:  (2, 1) 
8:  (2, 1) 
9:  (2, 0.5)  (3, 0.5) 
10:  (2, 0.5)  (3, 0.5) 
11:  (2, 0.5)  (3, 0.5) 
12:  (2, 0.5)  (3, 0.5) 
13:  (2, 0.5)  (3, 0.5) 
14:  (2, 0.5)  (3, 0.5) 
15:  (2, 1) 
16:  (2, 1) 
17:  (2, 1) 
18:  (2, 0.5)  (3, 0.5) 
19:  (2, 0.5)  (3, 0.5) 
20:  (2, 0.5)  (3, 0.5) 
21:  (2, 0.5)  (3, 0.5) 
22:  (2, 0.5)  (3, 0.5) 
23:  (2, 0.5)  (3, 0.5) 
24:  (2, 0.333)  (3, 0.333)  (11, 0.333) 
25:  (2, 0.333)  (3, 0.333)  (11, 0.333) 
26:  (2, 0.333)  (3, 0.333)  (11, 0.333) 
27:  (2, 0.5)  (3, 0.5) 
28:  (2, 0.5)  (3, 0.5) 
29:  (2, 0.5)  (3, 0.5) 
30:  (2, 0.5)  (3, 0.5) 
31:  (2, 0.5)  (3, 0.5) 
32:  (2, 0.5)  (3, 0.5) 
33:  (2, 0.333)  (3, 0.333)  (4, 0.333) 
34:  (2, 0.333)  (3, 0.333)  (4, 0.333) 
35:  (2, 0.333)  (3, 0.333)  (4, 0.333) 
36:  (23, 0.5)  (24, 0.5) 
37:  (23, 0.5)  (24, 0.5) 
38:  (23, 0.5)  (24, 0.5) 
39:  (18, 0.5)  (23, 0.5) 
40:  (18, 0.5)  (23, 0.5) 
41:  (18, 0.5)  (23, 0.5) 
42:  (18, 0.5)  (23, 0.5) 
43:  (18, 0.5)  (23, 0.5) 
44:  (18, 0.5)  (23, 0.5) 
45:  (23, 0.5)  (24, 0.5) 
46:  (23, 0.5)  (24, 0.5) 
47:  (23, 0.5)  (24, 0.5) 
48:  (18, 0.5)  (23, 0.5) 
49:  (18, 0.5)  (23, 0.5) 
50:  (18, 0.5)  (23, 0.5) 
51:  (0, 0.333)  (1, 0.333)  (23, 0.333) 
52:  (0, 0.333)  (1, 0.333)  (23, 0.333) 
53:  (0, 0.333)  (1, 0.333)  (23, 0.333) 
54:  (0, 0.333)  (1, 0.333)  (23, 0.333) 
55:  (0, 0.333)  (1, 0.333)  (23, 0.333) 
56:  (0, 0.333)  (1, 0.333)  (23, 0.333) 
57:  (23, 1) 
58:  (23, 1) 
59:  (23, 1) 
60:  (23, 1) 
61:  (23, 1) 
62:  (23, 1) 
63:  (23, 1) 
64:  (23, 1) 
65:  (23, 1) 
66:  (0, 0.25)  (1, 0.25)  (18, 0.25)  (23, 0.25) 
67:  (0, 0.25)  (1, 0.25)  (18, 0.25)  (23, 0.25) 
68:  (0, 0.25)  (1, 0.25)  (18, 0.25)  (23, 0.25) 
69:  (0, 0.333)  (1, 0.333)  (23, 0.333) 
70:  (0, 0.333)  (1, 0.333)  (23, 0.333) 
71:  (0, 0.333)  (1, 0.333)  (23, 0.333) 
72:  (23, 1) 
73:  (23, 1) 
74:  (23, 1) 
75:  (0, 0.333)  (1, 0.333)  (23, 0.333) 
76:  (0, 0.333)  (1, 0.333)  (23, 0.333) 
77:  (0, 0.333)  (1, 0.333)  (23, 0.333) 
78:  (23, 0.5)  (24, 0.5) 
79:  (23, 0.5)  (24, 0.5) 
80:  (23, 0.5)  (24, 0.5) 
81:  (23, 0.5)  (24, 0.5) 
82:  (23, 0.5)  (24, 0.5) 
83:  (23, 0.5)  (24, 0.5) 
84:  (23, 0.5)  (24, 0.5) 
85:  (23, 0.5)  (24, 0.5) 
86:  (23, 0.5)  (24, 0.5) 
87:  (23, 0.5)  (24, 0.5) 
88:  (23, 0.5)  (24, 0.5) 
89:  (23, 0.5)  (24, 0.5) 
90:  (23, 0.5)  (24, 0.5) 
91:  (23, 0.5)  (24, 0.5) 
92:  (23, 0.5)  (24, 0.5) 
93:  (23, 0.5)  (24, 0.5) 
94:  (23, 0.5)  (24, 0.5) 
95:  (23, 0.5)  (24, 0.5) 
96:  (23, 0.5)  (24, 0.5) 
97:  (23, 0.5)  (24, 0.5) 
98:  (23, 0.5)  (24, 0.5) 
99:  (23, 0.5)  (24, 0.5) 
100:  (23, 0.5)  (24, 0.5) 
101:  (23, 0.5)  (24, 0.5) 
102:  (23, 0.5)  (24, 0.5) 
103:  (23, 0.5)  (24, 0.5) 
104:  (23, 0.5)  (24, 0.5) 
105:  (23, 0.5)  (24, 0.5) 
106:  (23, 0.5)  (24, 0.5) 
107:  (23, 0.5)  (24, 0.5) 
108:  (24, 1) 
109:  (24, 1) 
110:  (24, 1) 
111:  (24, 1) 
112:  (24, 1) 
113:  (24, 1) 
114:  (24, 1) 
115:  (24, 1) 
116:  (24, 1) 
117:  (24, 1) 
118:  (24, 1) 
119:  (24, 1) 
120:  (24, 1) 
121:  (24, 1) 
122:  (24, 1) 
123:  (24, 1) 
124:  (24, 1) 
125:  (24, 1) 
126:  (0, 0.25)  (1, 0.25)  (18, 0.25)  (23, 0.25) 
127:  (0, 0.25)  (1, 0.25)  (18, 0.25)  (23, 0.25) 
128:  (0, 0.25)  (1, 0.25)  (18, 0.25)  (23, 0.25) 
129:  (0, 0.333)  (1, 0.333)  (23, 0.333) 
130:  (0, 0.333)  (1, 0.333)  (23, 0.333) 
131:  (0, 0.333)  (1, 0.333)  (23, 0.333) 
132:  (0, 0.25)  (1, 0.25)  (18, 0.25)  (23, 0.25) 
133:  (0, 0.25)  (1, 0.25)  (18, 0.25)  (23, 0.25) 
134:  (0, 0.25)  (1, 0.25)  (18, 0.25)  (23, 0.25) 
135:  (18, 0.5)  (19, 0.5) 
136:  (18, 0.5)  (19, 0.5) 
137:  (18, 0.5)  (19, 0.5) 
138:  (18, 0.5)  (19, 0.5) 
139:  (18, 0.5)  (19, 0.5) 
140:  (18, 0.5)  (19, 0.5) 
141:  (0, 0.333)  (1, 0.333)  (18, 0.333) 
142:  (0, 0.333)  (1, 0.333)  (18, 0.333) 
143:  (0, 0.333)  (1, 0.333)  (18, 0.333) 
144:  (18, 1) 
145:  (18, 1) 
146:  (18, 1) 
147:  (0, 0.333)  (1, 0.333)  (18, 0.333) 
148:  (0, 0.333)  (1, 0.333)  (18, 0.333) 
149:  (0, 0.333)  (1, 0.333)  (18, 0.333) 
150:  (18, 1) 
151:  (18, 1) 
152:  (18, 1) 
153:  (0, 0.333)  (1, 0.333)  (18, 0.333) 
154:  (0, 0.333)  (1, 0.333)  (18, 0.333) 
155:  (0, 0.333)  (1, 0.333)  (18, 0.333) 
156:  (18, 1) 
157:  (18, 1) 
158:  (18, 1) 
159:  (18, 1) 
160:  (18, 1) 
161:  (18, 1) 
162:  (0, 0.333)  (1, 0.333)  (18, 0.333) 
163:  (0, 0.333)  (1, 0.333)  (18, 0.333) 
164:  (0, 0.333)  (1, 0.333)  (18, 0.333) 
165:  (18, 0.5)  (19, 0.5) 
166:  (18, 0.5)  (19, 0.5) 
167:  (18, 0.5)  (19, 0.5) 
168:  (18, 0.5)  (19, 0.5) 
169:  (18, 0.5)  (19, 0.5) 
170:  (18, 0.5)  (19, 0.5) 
171:  (18, 0.5)  (19, 0.5) 
172:  (18, 0.5)  (19, 0.5) 
173:  (18, 0.5)  (19, 0.5) 
174:  (18, 0.5)  (19, 0.5) 
175:  (18, 0.5)  (19, 0.5) 
176:  (18, 0.5)  (19, 0.5) 
177:  (18, 0.5)  (19, 0.5) 
178:  (18, 0.5)  (19, 0.5) 
179:  (18, 0.5)  (19, 0.5) 
180:  (18, 0.5)  (19, 0.5) 
181:  (18, 0.5)  (19, 0.5) 
182:  (18, 0.5)  (19, 0.5) 
183:  (18, 0.5)  (19, 0.5) 
184:  (18, 0.5)  (19, 0.5) 
185:  (18, 0.5)  (19, 0.5) 
186:  (18, 0.5)  (19, 0.5) 
187:  (18, 0.5)  (19, 0.5) 
188:  (18, 0.5)  (19, 0.5) 
189:  (18, 0.5)  (19, 0.5) 
190:  (18, 0.5)  (19, 0.5) 
191:  (18, 0.5)  (19, 0.5) 
192:  (18, 0.5)  (19, 0.5) 
193:  (18, 0.5)  (19, 0.5) 
194:  (18, 0.5)  (19, 0.5) 
195:  (19, 1) 
196:  (19, 1) 
197:  (19, 1) 
198:  (19, 1) 
199:  (19, 1) 
200:  (19, 1) 
201:  (19, 1) 
202:  (19, 1) 
203:  (19, 1) 
204:  (19, 1) 
205:  (19, 1) 
206:  (19, 1) 
207:  (19, 1) 
208:  (19, 1) 
209:  (19, 1) 
210:  (19, 1) 
211:  (19, 1) 
212:  (19, 1) 
213:  (0, 0.333)  (1, 0.333)  (18, 0.333) 
214:  (0, 0.333)  (1, 0.333)  (18, 0.333) 
215:  (0, 0.333)  (1, 0.333)  (18, 0.333) 
216:  (24, 1) 
217:  (24, 1) 
218:  (24, 1) 
219:  (24, 1) 
220:  (24, 1) 
221:  (24, 1) 
222:  (24, 1) 
223:  (24, 1) 
224:  (24, 1) 
225:  (24, 1) 
226:  (24, 1) 
227:  (24, 1) 
228:  (24, 1) 
229:  (24, 1) 
230:  (24, 1) 
231:  (24, 1) 
232:  (24, 1) 
233:  (24, 1) 
234:  (24, 1) 
235:  (24, 1) 
236:  (24, 1) 
237:  (24, 1) 
238:  (24, 1) 
239:  (24, 1) 
240:  (24, 1) 
241:  (24, 1) 
242:  (24, 1) 
243:  (24, 1) 
244:  (24, 1) 
245:  (24, 1) 
246:  (24, 1) 
247:  (24, 1) 
248:  (24, 1) 
249:  (24, 1) 
250:  (24, 1) 
251:  (24, 1) 
252:  (24, 1) 
253:  (24, 1) 
254:  (24, 1) 
255:  (24, 1) 
256:  (24, 1) 
257:  (24, 1) 
258:  (24, 1) 
259:  (24, 1) 
260:  (24, 1) 
261:  (24, 1) 
262:  (24, 1) 
263:  (24, 1) 
264:  (24, 1) 
265:  (24, 1) 
266:  (24, 1) 
267:  (24, 1) 
268:  (24, 1) 
269:  (24, 1) 
270:  (24, 1) 
271:  (24, 1) 
272:  (24, 1) 
273:  (24, 1) 
274:  (24, 1) 
275:  (24, 1) 
276:  (24, 1) 
277:  (24, 1) 
278:  (24, 1) 
279:  (24, 1) 
280:  (24, 1) 
281:  (24, 1) 
282:  (24, 1) 
283:  (24, 1) 
284:  (24, 1) 
285:  (24, 1) 
286:  (24, 1) 
287:  (24, 1) 
288:  (24, 1) 
289:  (24, 1) 
290:  (24, 1) 
291:  (25, 1) 
292:  (25, 1) 
293:  (25, 1) 
294:  (25, 1) 
295:  (25, 1) 
296:  (25, 1) 
297:  (25, 1) 
298:  (25, 1) 
299:  (25, 1) 
300:  (25, 1) 
301:  (25, 1) 
302:  (25, 1) 
303:  (25, 1) 
304:  (25, 1) 
305:  (25, 1) 
306:  (24, 0.5)  (25, 0.5) 
307:  (24, 0.5)  (25, 0.5) 
308:  (24, 0.5)  (25, 0.5) 
309:  (24, 0.5)  (25, 0.5) 
310:  (24, 0.5)  (25, 0.5) 
311:  (24, 0.5)  (25, 0.5) 
312:  (25, 1) 
313:  (25, 1) 
314:  (25, 1) 
315:  (25, 1) 
316:  (25, 1) 
317:  (25, 1) 
318:  (25, 1) 
319:  (25, 1) 
320:  (25, 1) 
321:  (24, 0.5)  (25, 0.5) 
322:  (24, 0.5)  (25, 0.5) 
323:  (24, 0.5)  (25, 0.5) 
324:  (24, 0.5)  (25, 0.5) 
325:  (24, 0.5)  (25, 0.5) 
326:  (24, 0.5)  (25, 0.5) 
327:  (24, 0.5)  (25, 0.5) 
328:  (24, 0.5)  (25, 0.5) 
329:  (24, 0.5)  (25, 0.5) 
330:  (24, 1) 
331:  (24, 1) 
332:  (24, 1) 
333:  (24, 0.5)  (25, 0.5) 
334:  (24, 0.5)  (25, 0.5) 
335:  (24, 0.5)  (25, 0.5) 
336:  (25, 0.5)  (26, 0.5) 
337:  (25, 0.5)  (26, 0.5) 
338:  (25, 0.5)  (26, 0.5) 
339:  (26, 0.5)  (27, 0.5) 
340:  (26, 0.5)  (27, 0.5) 
341:  (26, 0.5)  (27, 0.5) 
342:  (26, 0.5)  (27, 0.5) 
343:  (26, 0.5)  (27, 0.5) 
344:  (26, 0.5)  (27, 0.5) 
345:  (26, 0.5)  (27, 0.5) 
346:  (26, 0.5)  (27, 0.5) 
347:  (26, 0.5)  (27, 0.5) 
348:  (26, 0.5)  (27, 0.5) 
349:  (26, 0.5)  (27, 0.5) 
350:  (26, 0.5)  (27, 0.5) 
351:  (26, 0.5)  (27, 0.5) 
352:  (26, 0.5)  (27, 0.5) 
353:  (26, 0.5)  (27, 0.5) 
354:  (24, 1) 
355:  (24, 1) 
356:  (24, 1) 
357:  (24, 0.5)  (25, 0.5) 
358:  (24, 0.5)  (25, 0.5) 
359:  (24, 0.5)  (25, 0.5) 
360:  (26, 0.5)  (27, 0.5) 
361:  (26, 0.5)  (27, 0.5) 
362:  (26, 0.5)  (27, 0.5) 
363:  (25, 0.5)  (26, 0.5) 
364:  (25, 0.5)  (26, 0.5) 
365:  (25, 0.5)  (26, 0.5) 
366:  (25, 0.5)  (26, 0.5) 
367:  (25, 0.5)  (26, 0.5) 
368:  (25, 0.5)  (26, 0.5) 
369:  (26, 0.5)  (27, 0.5) 
370:  (26, 0.5)  (27, 0.5) 
371:  (26, 0.5)  (27, 0.5) 
372:  (26, 0.5)  (27, 0.5) 
373:  (26, 0.5)  (27, 0.5) 
374:  (26, 0.5)  (27, 0.5) 
375:  (25, 0.5)  (26, 0.5) 
376:  (25, 0.5)  (26, 0.5) 
377:  (25, 0.5)  (26, 0.5) 
378:  (25, 1) 
379:  (25, 1) 
380:  (25, 1) 
381:  (25, 1) 
382:  (25, 1) 
383:  (25, 1) 
384:  (25, 0.5)  (26, 0.5) 
385:  (25, 0.5)  (26, 0.5) 
386:  (25, 0.5)  (26, 0.5) 
387:  (25, 0.5)  (26, 0.5) 
388:  (25, 0.5)  (26, 0.5) 
389:  (25, 0.5)  (26, 0.5) 
390:  (26, 0.5)  (27, 0.5) 
391:  (26, 0.5)  (27, 0.5) 
392:  (26, 0.5)  (27, 0.5) 
393:  (26, 0.5)  (27, 0.5) 
394:  (26, 0.5)  (27, 0.5) 
395:  (26, 0.5)  (27, 0.5) 
396:  (25, 0.5)  (26, 0.5) 
397:  (25, 0.5)  (26, 0.5) 
398:  (25, 0.5)  (26, 0.5) 
399:  (25, 0.5)  (26, 0.5) 
400:  (25, 0.5)  (26, 0.5) 
401:  (25, 0.5)  (26, 0.5) 
402:  (26, 0.5)  (27, 0.5) 
403:  (26, 0.5)  (27, 0.5) 
404:  (26, 0.5)  (27, 0.5) 
405:  (26, 0.5)  (27, 0.5) 
406:  (26, 0.5)  (27, 0.5) 
407:  (26, 0.5)  (27, 0.5) 
408:  (26, 0.5)  (27, 0.5) 
409:  (26, 0.5)  (27, 0.5) 
410:  (26, 0.5)  (27, 0.5) 
411:  (26, 0.5)  (27, 0.5) 
412:  (26, 0.5)  (27, 0.5) 
413:  (26, 0.5)  (27, 0.5) 
414:  (26, 0.5)  (27, 0.5) 
415:  (26, 0.5)  (27, 0.5) 
416:  (26, 0.5)  (27, 0.5) 
417:  (24, 0.5)  (25, 0.5) 
418:  (24, 0.5)  (25, 0.5) 
419:  (24, 0.5)  (25, 0.5) 
420:  (25, 1) 
421:  (25, 1) 
422:  (25, 1) 
423:  (24, 1) 
424:  (24, 1) 
425:  (24, 1) 
426:  (24, 1) 
427:  (24, 1) 
428:  (24, 1) 
429:  (24, 1) 
430:  (24, 1) 
431:  (24, 1) 
432:  (24, 1) 
433:  (24, 1) 
434:  (24, 1) 
435:  (24, 1) 
436:  (24, 1) 
437:  (24, 1) 
438:  (24, 1) 
439:  (24, 1) 
440:  (24, 1) 
441:  (24, 1) 
442:  (24, 1) 
443:  (24, 1) 
444:  (19, 1) 
445:  (19, 1) 
446:  (19, 1) 
447:  (19, 1) 
448:  (19, 1) 
449:  (19, 1) 
450:  (19, 1) 
451:  (19, 1) 
452:  (19, 1) 
453:  (19, 1) 
454:  (19, 1) 
455:  (19, 1) 
456:  (19, 1) 
457:  (19, 1) 
458:  (19, 1) 
459:  (19, 1) 
460:  (19, 1) 
461:  (19, 1) 
462:  (19, 1) 
463:  (19, 1) 
464:  (19, 1) 
465:  (19, 1) 
466:  (19, 1) 
467:  (19, 1) 
468:  (19, 1) 
469:  (19, 1) 
470:  (19, 1) 
471:  (19, 1) 
472:  (19, 1) 
473:  (19, 1) 
474:  (19, 1) 
475:  (19, 1) 
476:  (19, 1) 
477:  (19, 1) 
478:  (19, 1) 
479:  (19, 1) 
480:  (19, 1) 
481:  (19, 1) 
482:  (19, 1) 
483:  (19, 1) 
484:  (19, 1) 
485:  (19, 1) 
486:  (19, 1) 
487:  (19, 1) 
488:  (19, 1) 
489:  (19, 1) 
490:  (19, 1) 
491:  (19, 1) 
492:  (19, 1) 
493:  (19, 1) 
494:  (19, 1) 
495:  (19, 1) 
496:  (19, 1) 
497:  (19, 1) 
498:  (19, 1) 
499:  (19, 1) 
500:  (19, 1) 
501:  (19, 1) 
502:  (19, 1) 
503:  (19, 1) 
504:  (19, 1) 
505:  (19, 1) 
506:  (19, 1) 
507:  (19, 1) 
508:  (19, 1) 
509:  (19, 1) 
510:  (19, 1) 
511:  (19, 1) 
512:  (19, 1) 
513:  (19, 1) 
514:  (19, 1) 
515:  (19, 1) 
516:  (19, 1) 
517:  (19, 1) 
518:  (19, 1) 
519:  (20, 1) 
520:  (20, 1) 
521:  (20, 1) 
522:  (20, 1) 
523:  (20, 1) 
524:  (20, 1) 
525:  (20, 1) 
526:  (20, 1) 
527:  (20, 1) 
528:  (20, 1) 
529:  (20, 1) 
530:  (20, 1) 
531:  (20, 1) 
532:  (20, 1) 
533:  (20, 1) 
534:  (19, 0.5)  (20, 0.5) 
535:  (19, 0.5)  (20, 0.5) 
536:  (19, 0.5)  (20, 0.5) 
537:  (20, 1) 
538:  (20, 1) 
539:  (20, 1) 
540:  (19, 0.5)  (20, 0.5) 
541:  (19, 0.5)  (20, 0.5) 
542:  (19, 0.5)  (20, 0.5) 
543:  (20, 1) 
544:  (20, 1) 
545:  (20, 1) 
546:  (19, 0.5)  (20, 0.5) 
547:  (19, 0.5)  (20, 0.5) 
548:  (19, 0.5)  (20, 0.5) 
549:  (20, 1) 
550:  (20, 1) 
551:  (20, 1) 
552:  (19, 0.5)  (20, 0.5) 
553:  (19, 0.5)  (20, 0.5) 
554:  (19, 0.5)  (20, 0.5) 
555:  (19, 0.5)  (20, 0.5) 
556:  (19, 0.5)  (20, 0.5) 
557:  (19, 0.5)  (20, 0.5) 
558:  (19, 1) 
559:  (19, 1) 
560:  (19, 1) 
561:  (19, 0.5)  (20, 0.5) 
562:  (19, 0.5)  (20, 0.5) 
563:  (19, 0.5)  (20, 0.5) 
564:  (20, 0.5)  (21, 0.5) 
565:  (20, 0.5)  (21, 0.5) 
566:  (20, 0.5)  (21, 0.5) 
567:  (21, 0.5)  (22, 0.5) 
568:  (21, 0.5)  (22, 0.5) 
569:  (21, 0.5)  (22, 0.5) 
570:  (21, 0.5)  (22, 0.5) 
571:  (21, 0.5)  (22, 0.5) 
572:  (21, 0.5)  (22, 0.5) 
573:  (21, 0.5)  (22, 0.5) 
574:  (21, 0.5)  (22, 0.5) 
575:  (21, 0.5)  (22, 0.5) 
576:  (21, 0.5)  (22, 0.5) 
577:  (21, 0.5)  (22, 0.5) 
578:  (21, 0.5)  (22, 0.5) 
579:  (21, 0.5)  (22, 0.5) 
580:  (21, 0.5)  (22, 0.5) 
581:  (21, 0.5)  (22, 0.5) 
582:  (19, 1) 
583:  (19, 1) 
584:  (19, 1) 
585:  (19, 0.5)  (20, 0.5) 
586:  (19, 0.5)  (20, 0.5) 
587:  (19, 0.5)  (20, 0.5) 
588:  (21, 0.5)  (22, 0.5) 
589:  (21, 0.5)  (22, 0.5) 
590:  (21, 0.5)  (22, 0.5) 
591:  (20, 0.5)  (21, 0.5) 
592:  (20, 0.5)  (21, 0.5) 
593:  (20, 0.5)  (21, 0.5) 
594:  (20, 0.5)  (21, 0.5) 
595:  (20, 0.5)  (21, 0.5) 
596:  (20, 0.5)  (21, 0.5) 
597:  (21, 0.5)  (22, 0.5) 
598:  (21, 0.5)  (22, 0.5) 
599:  (21, 0.5)  (22, 0.5) 
600:  (21, 0.5)  (22, 0.5) 
601:  (21, 0.5)  (22, 0.5) 
602:  (21, 0.5)  (22, 0.5) 
603:  (20, 0.5)  (21, 0.5) 
604:  (20, 0.5)  (21, 0.5) 
605:  (20, 0.5)  (21, 0.5) 
606:  (20, 1) 
607:  (20, 1) 
608:  (20, 1) 
609:  (20, 1) 
610:  (20, 1) 
611:  (20, 1) 
612:  (20, 0.5)  (21, 0.5) 
613:  (20, 0.5)  (21, 0.5) 
614:  (20, 0.5)  (21, 0.5) 
615:  (20, 0.5)  (21, 0.5) 
616:  (20, 0.5)  (21, 0.5) 
617:  (20, 0.5)  (21, 0.5) 
618:  (21, 0.5)  (22, 0.5) 
619:  (21, 0.5)  (22, 0.5) 
620:  (21, 0.5)  (22, 0.5) 
621:  (21, 0.5)  (22, 0.5) 
622:  (21, 0.5)  (22, 0.5) 
623:  (21, 0.5)  (22, 0.5) 
624:  (20, 0.5)  (21, 0.5) 
625:  (20, 0.5)  (21, 0.5) 
626:  (20, 0.5)  (21, 0.5) 
627:  (20, 0.5)  (21, 0.5) 
628:  (20, 0.5)  (21, 0.5) 
629:  (20, 0.5)  (21, 0.5) 
630:  (21, 0.5)  (22, 0.5) 
631:  (21, 0.5)  (22, 0.5) 
632:  (21, 0.5)  (22, 0.5) 
633:  (21, 0.5)  (22, 0.5) 
634:  (21, 0.5)  (22, 0.5) 
635:  (21, 0.5)  (22, 0.5) 
636:  (21, 0.5)  (22, 0.5) 
637:  (21, 0.5)  (22, 0.5) 
638:  (21, 0.5)  (22, 0.5) 
639:  (21, 0.5)  (22, 0.5) 
640:  (21, 0.5)  (22, 0.5) 
641:  (21, 0.5)  (22, 0.5) 
642:  (21, 0.5)  (22, 0.5) 
643:  (21, 0.5)  (22, 0.5) 
644:  (21, 0.5)  (22, 0.5) 
645:  (19, 0.5)  (20, 0.5) 
646:  (19, 0.5)  (20, 0.5) 
647:  (19, 0.5)  (20, 0.5) 
648:  (20, 1) 
649:  (20, 1) 
650:  (20, 1) 
651:  (19, 1) 
652:  (19, 1) 
653:  (19, 1) 
654:  (19, 1) 
655:  (19, 1) 
656:  (19, 1) 
657:  (19, 1) 
658:  (19, 1) 
659:  (19, 1) 
660:  (19, 1) 
661:  (19, 1) 
662:  (19, 1) 
663:  (19, 1) 
664:  (19, 1) 
665:  (19, 1) 
666:  (19, 1) 
667:  (19, 1) 
668:  (19, 1) 
669:  (19, 1) 
670:  (19, 1) 
671:  (19, 1) 
672:  (2, 0.5)  (4, 0.5) 
673:  (2, 0.5)  (4, 0.5) 
674:  (2, 0.5)  (4, 0.5) 
675:  (2, 0.5)  (4, 0.5) 
676:  (2, 0.5)  (4, 0.5) 
677:  (2, 0.5)  (4, 0.5) 
678:  (2, 0.5)  (4, 0.5) 
679:  (2, 0.5)  (4, 0.5) 
680:  (2, 0.5)  (4, 0.5) 
681:  (1, 0.5)  (2, 0.5) 
682:  (1, 0.5)  (2, 0.5) 
683:  (1, 0.5)  (2, 0.5) 
684:  (2, 0.5)  (11, 0.5) 
685:  (2, 0.5)  (11, 0.5) 
686:  (2, 0.5)  (11, 0.5) 
687:  (2, 0.5)  (11, 0.5) 
688:  (2, 0.5)  (11, 0.5) 
689:  (2, 0.5)  (11, 0.5) 
690:  (2, 0.5)  (11, 0.5) 
691:  (2, 0.5)  (11, 0.5) 
692:  (2, 0.5)  (11, 0.5) 
693:  (1, 0.5)  (2, 0.5) 
694:  (1, 0.5)  (2, 0.5) 
695:  (1, 0.5)  (2, 0.5) 
696:  (23, 1) 
697:  (23, 1) 
698:  (23, 1) 
699:  (0, 0.333)  (1, 0.333)  (23, 0.333) 
700:  (0, 0.333)  (1, 0.333)  (23, 0.333) 
701:  (0, 0.333)  (1, 0.333)  (23, 0.333) 
702:  (0, 0.333)  (1, 0.333)  (23, 0.333) 
703:  (0, 0.333)  (1, 0.333)  (23, 0.333) 
704:  (0, 0.333)  (1, 0.333)  (23, 0.333) 
705:  (23, 1) 
706:  (23, 1) 
707:  (23, 1) 
708:  (18, 1) 
709:  (18, 1) 
710:  (18, 1) 
711:  (0, 0.333)  (1, 0.333)  (18, 0.333) 
712:  (0, 0.333)  (1, 0.333)  (18, 0.333) 
713:  (0, 0.333)  (1, 0.333)  (18, 0.333) 
714:  (18, 1) 
715:  (18, 1) 
716:  (18, 1) 
717:  (0, 0.333)  (1, 0.333)  (18, 0.333) 
718:  (0, 0.333)  (1, 0.333)  (18, 0.333) 
719:  (0, 0.333)  (1, 0.333)  (18, 0.333) 
720:  (23, 0.5)  (24, 0.5) 
721:  (23, 0.5)  (24, 0.5) 
722:  (23, 0.5)  (24, 0.5) 
723:  (23, 1) 
724:  (23, 1) 
725:  (23, 1) 
726:  (23, 0.5)  (24, 0.5) 
727:  (23, 0.5)  (24, 0.5) 
728:  (23, 0.5)  (24, 0.5) 
729:  (18, 0.5)  (19, 0.5) 
730:  (18, 0.5)  (19, 0.5) 
731:  (18, 0.5)  (19, 0.5) 
732:  (18, 0.5)  (19, 0.5) 
733:  (18, 0.5)  (19, 0.5) 
734:  (18, 0.5)  (19, 0.5) 
735:  (18, 1) 
736:  (18, 1) 
737:  (18, 1) 
738:  (0, 0.333)  (1, 0.333)  (23, 0.333) 
739:  (0, 0.333)  (1, 0.333)  (23, 0.333) 
740:  (0, 0.333)  (1, 0.333)  (23, 0.333) 
741:  (0, 0.333)  (1, 0.333)  (18, 0.333) 
742:  (0, 0.333)  (1, 0.333)  (18, 0.333) 
743:  (0, 0.333)  (1, 0.333)  (18, 0.333) 
744:  (2, 1) 
745:  (2, 1) 
746:  (2, 1) 
747:  (0, 0.333)  (1, 0.333)  (18, 0.333) 
748:  (0, 0.333)  (1, 0.333)  (18, 0.333) 
749:  (0, 0.333)  (1, 0.333)  (18, 0.333) 
750:  (0, 0.333)  (1, 0.333)  (18, 0.333) 
751:  (0, 0.333)  (1, 0.333)  (18, 0.333) 
752:  (0, 0.333)  (1, 0.333)  (18, 0.333) 
753:  (1, 0.333)  (2, 0.333)  (18, 0.333) 
754:  (1, 0.333)  (2, 0.333)  (18, 0.333) 
755:  (1, 0.333)  (2, 0.333)  (18, 0.333) 
756:  (2, 1) 
757:  (2, 1) 
758:  (2, 1) 
759:  (0, 0.333)  (1, 0.333)  (23, 0.333) 
760:  (0, 0.333)  (1, 0.333)  (23, 0.333) 
761:  (0, 0.333)  (1, 0.333)  (23, 0.333) 
762:  (1, 0.333)  (2, 0.333)  (23, 0.333) 
763:  (1, 0.333)  (2, 0.333)  (23, 0.333) 
764:  (1, 0.333)  (2, 0.333)  (23, 0.333) 
765:  (0, 0.333)  (1, 0.333)  (23, 0.333) 
766:  (0, 0.333)  (1, 0.333)  (23, 0.333) 
767:  (0, 0.333)  (1, 0.333)  (23, 0.333) 
768:  (0, 0.5)  (23, 0.5) 
769:  (0, 0.5)  (23, 0.5) 
770:  (0, 0.5)  (23, 0.5) 
771:  (0, 0.25)  (1, 0.25)  (18, 0.25)  (23, 0.25) 
772:  (0, 0.25)  (1, 0.25)  (18, 0.25)  (23, 0.25) 
773:  (0, 0.25)  (1, 0.25)  (18, 0.25)  (23, 0.25) 
774:  (0, 0.5)  (23, 0.5) 
775:  (0, 0.5)  (23, 0.5) 
776:  (0, 0.5)  (23, 0.5) 
777:  (0, 0.5)  (18, 0.5) 
778:  (0, 0.5)  (18, 0.5) 
779:  (0, 0.5)  (18, 0.5) 
780:  (0, 0.5)  (18, 0.5) 
781:  (0, 0.5)  (18, 0.5) 
782:  (0, 0.5)  (18, 0.5) 
783:  (18, 1) 
784:  (18, 1) 
785:  (18, 1) 
786:  (23, 1) 
787:  (23, 1) 
788:  (23, 1) 
789:  (18, 0.5)  (19, 0.5) 
790:  (18, 0.5)  (19, 0.5) 
791:  (18, 0.5)  (19, 0.5) 
792:  (18, 0.5)  (19, 0.5) 
793:  (18, 0.5)  (19, 0.5) 
794:  (18, 0.5)  (19, 0.5) 
795:  (23, 0.5)  (24, 0.5) 
796:  (23, 0.5)  (24, 0.5) 
797:  (23, 0.5)  (24, 0.5) 
798:  (23, 0.5)  (24, 0.5) 
799:  (23, 0.5)  (24, 0.5) 
800:  (23, 0.5)  (24, 0.5) 
801:  (2, 0.333)  (3, 0.333)  (4, 0.333) 
802:  (2, 0.333)  (3, 0.333)  (4, 0.333) 
803:  (2, 0.333)  (3, 0.333)  (4, 0.333) 
804:  (2, 0.5)  (4, 0.5) 
805:  (2, 0.5)  (4, 0.5) 
806:  (2, 0.5)  (4, 0.5) 
807:  (2, 0.5)  (4, 0.5) 
808:  (2, 0.5)  (4, 0.5) 
809:  (2, 0.5)  (4, 0.5) 
810:  (2, 0.5)  (3, 0.5) 
811:  (2, 0.5)  (3, 0.5) 
812:  (2, 0.5)  (3, 0.5) 
813:  (2, 0.333)  (3, 0.333)  (11, 0.333) 
814:  (2, 0.333)  (3, 0.333)  (11, 0.333) 
815:  (2, 0.333)  (3, 0.333)  (11, 0.333) 
816:  (2, 0.5)  (11, 0.5) 
817:  (2, 0.5)  (11, 0.5) 
818:  (2, 0.5)  (11, 0.5) 
819:  (2, 0.5)  (3, 0.5) 
820:  (2, 0.5)  (3, 0.5) 
821:  (2, 0.5)  (3, 0.5) 
822:  (2, 0.5)  (11, 0.5) 
823:  (2, 0.5)  (11, 0.5) 
824:  (2, 0.5)  (11, 0.5) 
825:  (2, 1) 
826:  (2, 1) 
827:  (2, 1) 
828:  (1, 0.333)  (2, 0.333)  (11, 0.333) 
829:  (1, 0.333)  (2, 0.333)  (11, 0.333) 
830:  (1, 0.333)  (2, 0.333)  (11, 0.333) 
831:  (2, 1) 
832:  (2, 1) 
833:  (2, 1) 
834:  (2, 0.5)  (11, 0.5) 
835:  (2, 0.5)  (11, 0.5) 
836:  (2, 0.5)  (11, 0.5) 
837:  (2, 1) 
838:  (2, 1) 
839:  (2, 1) 
840:  (1, 0.333)  (2, 0.333)  (4, 0.333) 
841:  (1, 0.333)  (2, 0.333)  (4, 0.333) 
842:  (1, 0.333)  (2, 0.333)  (4, 0.333) 
843:  (2, 1) 
844:  (2, 1) 
845:  (2, 1) 
846:  (2, 1) 
847:  (2, 1) 
848:  (2, 1) 
849:  (2, 0.5)  (4, 0.5) 
850:  (2, 0.5)  (4, 0.5) 
851:  (2, 0.5)  (4, 0.5) 
852:  (4, 0.5)  (5, 0.5) 
853:  (4, 0.5)  (5, 0.5) 
854:  (4, 0.5)  (5, 0.5) 
855:  (4, 0.5)  (5, 0.5) 
856:  (4, 0.5)  (5, 0.5) 
857:  (4, 0.5)  (5, 0.5) 
858:  (11, 0.5)  (12, 0.5) 
859:  (11, 0.5)  (12, 0.5) 
860:  (11, 0.5)  (12, 0.5) 
861:  (11, 0.5)  (12, 0.5) 
862:  (11, 0.5)  (12, 0.5) 
863:  (11, 0.5)  (12, 0.5) 
864:  (11, 0.5)  (12, 0.5) 
865:  (11, 0.5)  (12, 0.5) 
866:  (11, 0.5)  (12, 0.5) 
867:  (11, 0.5)  (12, 0.5) 
868:  (11, 0.5)  (12, 0.5) 
869:  (11, 0.5)  (12, 0.5) 
870:  (4, 0.5)  (5, 0.5) 
871:  (4, 0.5)  (5, 0.5) 
872:  (4, 0.5)  (5, 0.5) 
873:  (4, 0.5)  (5, 0.5) 
874:  (4, 0.5)  (5, 0.5) 
875:  (4, 0.5)  (5, 0.5) 
876:  (6, 0.5)  (7, 0.5) 
877:  (6, 0.5)  (7, 0.5) 
878:  (6, 0.5)  (7, 0.5) 
879:  (7, 0.5)  (8, 0.5) 
880:  (7, 0.5)  (8, 0.5) 
881:  (7, 0.5)  (8, 0.5) 
882:  (9, 1) 
883:  (9, 1) 
884:  (9, 1) 
885:  (5, 0.5)  (6, 0.5) 
886:  (5, 0.5)  (6, 0.5) 
887:  (5, 0.5)  (6, 0.5) 
888:  (6, 1) 
889:  (6, 1) 
890:  (6, 1) 
891:  (6, 1) 
892:  (6, 1) 
893:  (6, 1) 
894:  (6, 0.5)  (7, 0.5) 
895:  (6, 0.5)  (7, 0.5) 
896:  (6, 0.5)  (7, 0.5) 
897:  (5, 0.5)  (6, 0.5) 
898:  (5, 0.5)  (6, 0.5) 
899:  (5, 0.5)  (6, 0.5) 
900:  (5, 0.333)  (6, 0.333)  (7, 0.333) 
901:  (5, 0.333)  (6, 0.333)  (7, 0.333) 
902:  (5, 0.333)  (6, 0.333)  (7, 0.333) 
903:  (7, 0.5)  (8, 0.5) 
904:  (7, 0.5)  (8, 0.5) 
905:  (7, 0.5)  (8, 0.5) 
906:  (7, 0.5)  (8, 0.5) 
907:  (7, 0.5)  (8, 0.5) 
908:  (7, 0.5)  (8, 0.5) 
909:  (7, 0.5)  (8, 0.5) 
910:  (7, 0.5)  (8, 0.5) 
911:  (7, 0.5)  (8, 0.5) 
912:  (8, 1) 
913:  (8, 1) 
914:  (8, 1) 
915:  (8, 1) 
916:  (8, 1) 
917:  (8, 1) 
918:  (8, 1) 
919:  (8, 1) 
920:  (8, 1) 
921:  (9, 1) 
922:  (9, 1) 
923:  (9, 1) 
924:  (9, 0.5)  (10, 0.5) 
925:  (9, 0.5)  (10, 0.5) 
926:  (9, 0.5)  (10, 0.5) 
927:  (9, 0.5)  (10, 0.5) 
928:  (9, 0.5)  (10, 0.5) 
929:  (9, 0.5)  (10, 0.5) 
930:  (9, 1) 
931:  (9, 1) 
932:  (9, 1) 
933:  (9, 1) 
934:  (9, 1) 
935:  (9, 1) 
936:  (6, 1) 
937:  (6, 1) 
938:  (6, 1) 
939:  (6, 1) 
940:  (6, 1) 
941:  (6, 1) 
942:  (9, 0.5)  (10, 0.5) 
943:  (9, 0.5)  (10, 0.5) 
944:  (9, 0.5)  (10, 0.5) 
945:  (9, 1) 
946:  (9, 1) 
947:  (9, 1) 
948:  (9, 0.5)  (10, 0.5) 
949:  (9, 0.5)  (10, 0.5) 
950:  (9, 0.5)  (10, 0.5) 
951:  (9, 0.5)  (10, 0.5) 
952:  (9, 0.5)  (10, 0.5) 
953:  (9, 0.5)  (10, 0.5) 
954:  (9, 0.5)  (10, 0.5) 
955:  (9, 0.5)  (10, 0.5) 
956:  (9, 0.5)  (10, 0.5) 
957:  (8, 1) 
958:  (8, 1) 
959:  (8, 1) 
960:  (8, 1) 
961:  (8, 1) 
962:  (8, 1) 
963:  (8, 1) 
964:  (8, 1) 
965:  (8, 1) 
966:  (8, 1) 
967:  (8, 1) 
968:  (8, 1) 
969:  (9, 0.5)  (10, 0.5) 
970:  (9, 0.5)  (10, 0.5) 
971:  (9, 0.5)  (10, 0.5) 
972:  (5, 0.5)  (6, 0.5) 
973:  (5, 0.5)  (6, 0.5) 
974:  (5, 0.5)  (6, 0.5) 
975:  (5, 0.5)  (6, 0.5) 
976:  (5, 0.5)  (6, 0.5) 
977:  (5, 0.5)  (6, 0.5) 
978:  (5, 0.333)  (6, 0.333)  (7, 0.333) 
979:  (5, 0.333)  (6, 0.333)  (7, 0.333) 
980:  (5, 0.333)  (6, 0.333)  (7, 0.333) 
981:  (8, 1) 
982:  (8, 1) 
983:  (8, 1) 
984:  (7, 0.5)  (8, 0.5) 
985:  (7, 0.5)  (8, 0.5) 
986:  (7, 0.5)  (8, 0.5) 
987:  (7, 0.5)  (8, 0.5) 
988:  (7, 0.5)  (8, 0.5) 
989:  (7, 0.5)  (8, 0.5) 
990:  (8, 1) 
991:  (8, 1) 
992:  (8, 1) 
993:  (8, 1) 
994:  (8, 1) 
995:  (8, 1) 
996:  (8, 1) 
997:  (8, 1) 
998:  (8, 1) 
999:  (8, 1) 
1000:  (8, 1) 
1001:  (8, 1) 
1002:  (9, 0.5)  (10, 0.5) 
1003:  (9, 0.5)  (10, 0.5) 
1004:  (9, 0.5)  (10, 0.5) 
1005:  (9, 0.5)  (10, 0.5) 
1006:  (9, 0.5)  (10, 0.5) 
1007:  (9, 0.5)  (10, 0.5) 
1008:  (9, 0.5)  (10, 0.5) 
1009:  (9, 0.5)  (10, 0.5) 
1010:  (9, 0.5)  (10, 0.5) 
1011:  (9, 0.5)  (10, 0.5) 
1012:  (9, 0.5)  (10, 0.5) 
1013:  (9, 0.5)  (10, 0.5) 
1014:  (9, 1) 
1015:  (9, 1) 
1016:  (9, 1) 
1017:  (9, 1) 
1018:  (9, 1) 
1019:  (9, 1) 
1020:  (9, 0.5)  (10, 0.5) 
1021:  (9, 0.5)  (10, 0.5) 
1022:  (9, 0.5)  (10, 0.5) 
1023:  (9, 0.5)  (10, 0.5) 
1024:  (9, 0.5)  (10, 0.5) 
1025:  (9, 0.5)  (10, 0.5) 
1026:  (9, 1) 
1027:  (9, 1) 
1028:  (9, 1) 
1029:  (5, 0.333)  (6, 0.333)  (7, 0.333) 
1030:  (5, 0.333)  (6, 0.333)  (7, 0.333) 
1031:  (5, 0.333)  (6, 0.333)  (7, 0.333) 
1032:  (5, 0.333)  (6, 0.333)  (7, 0.333) 
1033:  (5, 0.333)  (6, 0.333)  (7, 0.333) 
1034:  (5, 0.333)  (6, 0.333)  (7, 0.333) 
1035:  (9, 0.5)  (10, 0.5) 
1036:  (9, 0.5)  (10, 0.5) 
1037:  (9, 0.5)  (10, 0.5) 
1038:  (9, 1) 
1039:  (9, 1) 
1040:  (9, 1) 
1041:  (9, 1) 
1042:  (9, 1) 
1043:  (9, 1) 
1044:  (8, 1) 
1045:  (8, 1) 
1046:  (8, 1) 
1047:  (8, 1) 
1048:  (8, 1) 
1049:  (8, 1) 
1050:  (13, 0.333)  (14, 0.333)  (15, 0.333) 
1051:  (13, 0.333)  (14, 0.333)  (15, 0.333) 
1052:  (13, 0.333)  (14, 0.333)  (15, 0.333) 
1053:  (13, 0.5)  (16, 0.5) 
1054:  (13, 0.5)  (16, 0.5) 
1055:  (13, 0.5)  (16, 0.5) 
1056:  (14, 0.5)  (15, 0.5) 
1057:  (14, 0.5)  (15, 0.5) 
1058:  (14, 0.5)  (15, 0.5) 
1059:  (12, 0.5)  (13, 0.5) 
1060:  (12, 0.5)  (13, 0.5) 
1061:  (12, 0.5)  (13, 0.5) 
1062:  (13, 1) 
1063:  (13, 1) 
1064:  (13, 1) 
1065:  (13, 1) 
1066:  (13, 1) 
1067:  (13, 1) 
1068:  (13, 0.5)  (14, 0.5) 
1069:  (13, 0.5)  (14, 0.5) 
1070:  (13, 0.5)  (14, 0.5) 
1071:  (12, 0.5)  (13, 0.5) 
1072:  (12, 0.5)  (13, 0.5) 
1073:  (12, 0.5)  (13, 0.5) 
1074:  (12, 0.333)  (13, 0.333)  (14, 0.333) 
1075:  (12, 0.333)  (13, 0.333)  (14, 0.333) 
1076:  (12, 0.333)  (13, 0.333)  (14, 0.333) 
1077:  (14, 0.5)  (15, 0.5) 
1078:  (14, 0.5)  (15, 0.5) 
1079:  (14, 0.5)  (15, 0.5) 
1080:  (14, 0.5)  (15, 0.5) 
1081:  (14, 0.5)  (15, 0.5) 
1082:  (14, 0.5)  (15, 0.5) 
1083:  (15, 1) 
1084:  (15, 1) 
1085:  (15, 1) 
1086:  (14, 0.5)  (15, 0.5) 
1087:  (14, 0.5)  (15, 0.5) 
1088:  (14, 0.5)  (15, 0.5) 
1089:  (15, 1) 
1090:  (15, 1) 
1091:  (15, 1) 
1092:  (15, 1) 
1093:  (15, 1) 
1094:  (15, 1) 
1095:  (13, 0.5)  (16, 0.5) 
1096:  (13, 0.5)  (16, 0.5) 
1097:  (13, 0.5)  (16, 0.5) 
1098:  (16, 0.5)  (17, 0.5) 
1099:  (16, 0.5)  (17, 0.5) 
1100:  (16, 0.5)  (17, 0.5) 
1101:  (16, 0.5)  (17, 0.5) 
1102:  (16, 0.5)  (17, 0.5) 
1103:  (16, 0.5)  (17, 0.5) 
1104:  (13, 0.5)  (16, 0.5) 
1105:  (13, 0.5)  (16, 0.5) 
1106:  (13, 0.5)  (16, 0.5) 
1107:  (13, 1) 
1108:  (13, 1) 
1109:  (13, 1) 
1110:  (13, 0.5)  (16, 0.5) 
1111:  (13, 0.5)  (16, 0.5) 
1112:  (13, 0.5)  (16, 0.5) 
1113:  (13, 1) 
1114:  (13, 1) 
1115:  (13, 1) 
1116:  (16, 0.5)  (17, 0.5) 
1117:  (16, 0.5)  (17, 0.5) 
1118:  (16, 0.5)  (17, 0.5) 
1119:  (16, 1) 
1120:  (16, 1) 
1121:  (16, 1) 
1122:  (16, 0.5)  (17, 0.5) 
1123:  (16, 0.5)  (17, 0.5) 
1124:  (16, 0.5)  (17, 0.5) 
1125:  (16, 0.5)  (17, 0.5) 
1126:  (16, 0.5)  (17, 0.5) 
1127:  (16, 0.5)  (17, 0.5) 
1128:  (16, 0.5)  (17, 0.5) 
1129:  (16, 0.5)  (17, 0.5) 
1130:  (16, 0.5)  (17, 0.5) 
1131:  (15, 1) 
1132:  (15, 1) 
1133:  (15, 1) 
1134:  (15, 1) 
1135:  (15, 1) 
1136:  (15, 1) 
1137:  (15, 1) 
1138:  (15, 1) 
1139:  (15, 1) 
1140:  (15, 1) 
1141:  (15, 1) 
1142:  (15, 1) 
1143:  (16, 0.5)  (17, 0.5) 
1144:  (16, 0.5)  (17, 0.5) 
1145:  (16, 0.5)  (17, 0.5) 
1146:  (12, 0.5)  (13, 0.5) 
1147:  (12, 0.5)  (13, 0.5) 
1148:  (12, 0.5)  (13, 0.5) 
1149:  (12, 0.5)  (13, 0.5) 
1150:  (12, 0.5)  (13, 0.5) 
1151:  (12, 0.5)  (13, 0.5) 
1152:  (12, 0.5)  (14, 0.5) 
1153:  (12, 0.5)  (14, 0.5) 
1154:  (12, 0.5)  (14, 0.5) 
1155:  (15, 1) 
1156:  (15, 1) 
1157:  (15, 1) 
1158:  (14, 0.5)  (15, 0.5) 
1159:  (14, 0.5)  (15, 0.5) 
1160:  (14, 0.5)  (15, 0.5) 
1161:  (15, 1) 
1162:  (15, 1) 
1163:  (15, 1) 
1164:  (14, 0.5)  (15, 0.5) 
1165:  (14, 0.5)  (15, 0.5) 
1166:  (14, 0.5)  (15, 0.5) 
1167:  (15, 1) 
1168:  (15, 1) 
1169:  (15, 1) 
1170:  (15, 1) 
1171:  (15, 1) 
1172:  (15, 1) 
1173:  (15, 1) 
1174:  (15, 1) 
1175:  (15, 1) 
1176:  (16, 0.5)  (17, 0.5) 
1177:  (16, 0.5)  (17, 0.5) 
1178:  (16, 0.5)  (17, 0.5) 
1179:  (16, 0.5)  (17, 0.5) 
1180:  (16, 0.5)  (17, 0.5) 
1181:  (16, 0.5)  (17, 0.5) 
1182:  (16, 0.5)  (17, 0.5) 
1183:  (16, 0.5)  (17, 0.5) 
1184:  (16, 0.5)  (17, 0.5) 
1185:  (16, 0.5)  (17, 0.5) 
1186:  (16, 0.5)  (17, 0.5) 
1187:  (16, 0.5)  (17, 0.5) 
1188:  (13, 0.5)  (16, 0.5) 
1189:  (13, 0.5)  (16, 0.5) 
1190:  (13, 0.5)  (16, 0.5) 
1191:  (13, 0.5)  (16, 0.5) 
1192:  (13, 0.5)  (16, 0.5) 
1193:  (13, 0.5)  (16, 0.5) 
1194:  (16, 0.5)  (17, 0.5) 
1195:  (16, 0.5)  (17, 0.5) 
1196:  (16, 0.5)  (17, 0.5) 
1197:  (16, 0.5)  (17, 0.5) 
1198:  (16, 0.5)  (17, 0.5) 
1199:  (16, 0.5)  (17, 0.5) 
1200:  (13, 0.5)  (16, 0.5) 
1201:  (13, 0.5)  (16, 0.5) 
1202:  (13, 0.5)  (16, 0.5) 
1203:  (12, 0.5)  (14, 0.5) 
1204:  (12, 0.5)  (14, 0.5) 
1205:  (12, 0.5)  (14, 0.5) 
1206:  (12, 0.333)  (13, 0.333)  (14, 0.333) 
1207:  (12, 0.333)  (13, 0.333)  (14, 0.333) 
1208:  (12, 0.333)  (13, 0.333)  (14, 0.333) 
1209:  (16, 0.5)  (17, 0.5) 
1210:  (16, 0.5)  (17, 0.5) 
1211:  (16, 0.5)  (17, 0.5) 
1212:  (16, 1) 
1213:  (16, 1) 
1214:  (16, 1) 
1215:  (13, 0.5)  (16, 0.5) 
1216:  (13, 0.5)  (16, 0.5) 
1217:  (13, 0.5)  (16, 0.5) 
1218:  (15, 1) 
1219:  (15, 1) 
1220:  (15, 1) 
1221:  (15, 1) 
1222:  (15, 1) 
1223:  (15, 1) 
1224:  (4, 0.5)  (5, 0.5) 
1225:  (4, 0.5)  (5, 0.5) 
1226:  (4, 0.5)  (5, 0.5) 
1227:  (4, 0.5)  (5, 0.5) 
1228:  (4, 0.5)  (5, 0.5) 
1229:  (4, 0.5)  (5, 0.5) 
1230:  (5, 0.5)  (6, 0.5) 
1231:  (5, 0.5)  (6, 0.5) 
1232:  (5, 0.5)  (6, 0.5) 
1233:  (4, 0.5)  (5, 0.5) 
1234:  (4, 0.5)  (5, 0.5) 
1235:  (4, 0.5)  (5, 0.5) 
1236:  (5, 0.5)  (6, 0.5) 
1237:  (5, 0.5)  (6, 0.5) 
1238:  (5, 0.5)  (6, 0.5) 
1239:  (4, 0.5)  (5, 0.5) 
1240:  (4, 0.5)  (5, 0.5) 
1241:  (4, 0.5)  (5, 0.5) 
1242:  (5, 0.333)  (6, 0.333)  (7, 0.333) 
1243:  (5, 0.333)  (6, 0.333)  (7, 0.333) 
1244:  (5, 0.333)  (6, 0.333)  (7, 0.333) 
1245:  (5, 0.5)  (6, 0.5) 
1246:  (5, 0.5)  (6, 0.5) 
1247:  (5, 0.5)  (6, 0.5) 
1248:  (5, 0.333)  (6, 0.333)  (7, 0.333) 
1249:  (5, 0.333)  (6, 0.333)  (7, 0.333) 
1250:  (5, 0.333)  (6, 0.333)  (7, 0.333) 
1251:  (4, 0.5)  (5, 0.5) 
1252:  (4, 0.5)  (5, 0.5) 
1253:  (4, 0.5)  (5, 0.5) 
1254:  (5, 0.5)  (6, 0.5) 
1255:  (5, 0.5)  (6, 0.5) 
1256:  (5, 0.5)  (6, 0.5) 
1257:  (2, 0.5)  (4, 0.5) 
1258:  (2, 0.5)  (4, 0.5) 
1259:  (2, 0.5)  (4, 0.5) 
1260:  (1, 0.5)  (2, 0.5) 
1261:  (1, 0.5)  (2, 0.5) 
1262:  (1, 0.5)  (2, 0.5) 
1263:  (11, 0.5)  (12, 0.5) 
1264:  (11, 0.5)  (12, 0.5) 
1265:  (11, 0.5)  (12, 0.5) 
1266:  (11, 0.5)  (12, 0.5) 
1267:  (11, 0.5)  (12, 0.5) 
1268:  (11, 0.5)  (12, 0.5) 
1269:  (11, 0.5)  (12, 0.5) 
1270:  (11, 0.5)  (12, 0.5) 
1271:  (11, 0.5)  (12, 0.5) 
1272:  (12, 0.5)  (13, 0.5) 
1273:  (12, 0.5)  (13, 0.5) 
1274:  (12, 0.5)  (13, 0.5) 
1275:  (12, 0.5)  (13, 0.5) 
1276:  (12, 0.5)  (13, 0.5) 
1277:  (12, 0.5)  (13, 0.5) 
1278:  (11, 0.5)  (12, 0.5) 
1279:  (11, 0.5)  (12, 0.5) 
1280:  (11, 0.5)  (12, 0.5) 
1281:  (12, 0.5)  (13, 0.5) 
1282:  (12, 0.5)  (13, 0.5) 
1283:  (12, 0.5)  (13, 0.5) 
1284:  (12, 0.5)  (14, 0.5) 
1285:  (12, 0.5)  (14, 0.5) 
1286:  (12, 0.5)  (14, 0.5) 
1287:  (12, 0.333)  (13, 0.333)  (14, 0.333) 
1288:  (12, 0.333)  (13, 0.333)  (14, 0.333) 
1289:  (12, 0.333)  (13, 0.333)  (14, 0.333) 
1290:  (11, 0.5)  (12, 0.5) 
1291:  (11, 0.5)  (12, 0.5) 
1292:  (11, 0.5)  (12, 0.5) 
1293:  (12, 0.5)  (13, 0.5) 
1294:  (12, 0.5)  (13, 0.5) 
1295:  (12, 0.5)  (13, 0.5) 
1296:  (2, 0.5)  (11, 0.5) 
1297:  (2, 0.5)  (11, 0.5) 
1298:  (2, 0.5)  (11, 0.5) 
1299:  (1, 0.5)  (2, 0.5) 
1300:  (1, 0.5)  (2, 0.5) 
1301:  (1, 0.5)  (2, 0.5) 
1302:  (1, 0.5)  (2, 0.5) 
1303:  (1, 0.5)  (2, 0.5) 
1304:  (1, 0.5)  (2, 0.5) 
1305:  (2, 1) 
1306:  (2, 1) 
1307:  (2, 1) 
1308:  (2, 0.5)  (3, 0.5) 
1309:  (2, 0.5)  (3, 0.5) 
1310:  (2, 0.5)  (3, 0.5) 
1311:  (2, 0.5)  (3, 0.5) 
1312:  (2, 0.5)  (3, 0.5) 
1313:  (2, 0.5)  (3, 0.5) 
1314:  (1, 1) 
1315:  (1, 1) 
1316:  (1, 1) 
1317:  (1, 1) 
1318:  (1, 1) 
1319:  (1, 1) 
1320:  (0, 0.333)  (1, 0.333)  (23, 0.333) 
1321:  (0, 0.333)  (1, 0.333)  (23, 0.333) 
1322:  (0, 0.333)  (1, 0.333)  (23, 0.333) 
1323:  (0, 0.25)  (1, 0.25)  (18, 0.25)  (23, 0.25) 
1324:  (0, 0.25)  (1, 0.25)  (18, 0.25)  (23, 0.25) 
1325:  (0, 0.25)  (1, 0.25)  (18, 0.25)  (23, 0.25) 
1326:  (1, 1) 
1327:  (1, 1) 
1328:  (1, 1) 
1329:  (1, 0.333)  (2, 0.333)  (23, 0.333) 
1330:  (1, 0.333)  (2, 0.333)  (23, 0.333) 
1331:  (1, 0.333)  (2, 0.333)  (23, 0.333) 
1332:  (1, 0.333)  (2, 0.333)  (23, 0.333) 
1333:  (1, 0.333)  (2, 0.333)  (23, 0.333) 
1334:  (1, 0.333)  (2, 0.333)  (23, 0.333) 
1335:  (1, 0.5)  (2, 0.5) 
1336:  (1, 0.5)  (2, 0.5) 
1337:  (1, 0.5)  (2, 0.5) 
1338:  (2, 1) 
1339:  (2, 1) 
1340:  (2, 1) 
1341:  (2, 0.5)  (3, 0.5) 
1342:  (2, 0.5)  (3, 0.5) 
1343:  (2, 0.5)  (3, 0.5) 
1344:  (2, 0.5)  (3, 0.5) 
1345:  (2, 0.5)  (3, 0.5) 
1346:  (2, 0.5)  (3, 0.5) 
1347:  (0, 0.25)  (1, 0.25)  (18, 0.25)  (23, 0.25) 
1348:  (0, 0.25)  (1, 0.25)  (18, 0.25)  (23, 0.25) 
1349:  (0, 0.25)  (1, 0.25)  (18, 0.25)  (23, 0.25) 
1350:  (0, 0.5)  (23, 0.5) 
1351:  (0, 0.5)  (23, 0.5) 
1352:  (0, 0.5)  (23, 0.5) 
1353:  (0, 0.333)  (18, 0.333)  (23, 0.333) 
1354:  (0, 0.333)  (18, 0.333)  (23, 0.333) 
1355:  (0, 0.333)  (18, 0.333)  (23, 0.333) 
1356:  (23, 0.5)  (24, 0.5) 
1357:  (23, 0.5)  (24, 0.5) 
1358:  (23, 0.5)  (24, 0.5) 
1359:  (23, 0.5)  (24, 0.5) 
1360:  (23, 0.5)  (24, 0.5) 
1361:  (23, 0.5)  (24, 0.5) 
1362:  (23, 1) 
1363:  (23, 1) 
1364:  (23, 1) 
1365:  (23, 1) 
1366:  (23, 1) 
1367:  (23, 1) 
1368:  (23, 0.5)  (24, 0.5) 
1369:  (23, 0.5)  (24, 0.5) 
1370:  (23, 0.5)  (24, 0.5) 
1371:  (23, 0.5)  (24, 0.5) 
1372:  (23, 0.5)  (24, 0.5) 
1373:  (23, 0.5)  (24, 0.5) 
1374:  (0, 0.333)  (18, 0.333)  (23, 0.333) 
1375:  (0, 0.333)  (18, 0.333)  (23, 0.333) 
1376:  (0, 0.333)  (18, 0.333)  (23, 0.333) 
1377:  (23, 0.5)  (24, 0.5) 
1378:  (23, 0.5)  (24, 0.5) 
1379:  (23, 0.5)  (24, 0.5) 
1380:  (23, 0.5)  (24, 0.5) 
1381:  (23, 0.5)  (24, 0.5) 
1382:  (23, 0.5)  (24, 0.5) 
1383:  (0, 0.333)  (1, 0.333)  (23, 0.333) 
1384:  (0, 0.333)  (1, 0.333)  (23, 0.333) 
1385:  (0, 0.333)  (1, 0.333)  (23, 0.333) 
1386:  (0, 0.333)  (1, 0.333)  (23, 0.333) 
1387:  (0, 0.333)  (1, 0.333)  (23, 0.333) 
1388:  (0, 0.333)  (1, 0.333)  (23, 0.333) 
1389:  (2, 1) 
1390:  (2, 1) 
1391:  (2, 1) 
1392:  (2, 0.5)  (4, 0.5) 
1393:  (2, 0.5)  (4, 0.5) 
1394:  (2, 0.5)  (4, 0.5) 
1395:  (1, 0.5)  (2, 0.5) 
1396:  (1, 0.5)  (2, 0.5) 
1397:  (1, 0.5)  (2, 0.5) 
1398:  (0, 0.25)  (1, 0.25)  (2, 0.25)  (23, 0.25) 
1399:  (0, 0.25)  (1, 0.25)  (2, 0.25)  (23, 0.25) 
1400:  (0, 0.25)  (1, 0.25)  (2, 0.25)  (23, 0.25) 
1401:  (1, 0.333)  (2, 0.333)  (23, 0.333) 
1402:  (1, 0.333)  (2, 0.333)  (23, 0.333) 
1403:  (1, 0.333)  (2, 0.333)  (23, 0.333) 
1404:  (2, 0.5)  (3, 0.5) 
1405:  (2, 0.5)  (3, 0.5) 
1406:  (2, 0.5)  (3, 0.5) 
1407:  (2, 0.333)  (3, 0.333)  (4, 0.333) 
1408:  (2, 0.333)  (3, 0.333)  (4, 0.333) 
1409:  (2, 0.333)  (3, 0.333)  (4, 0.333) 
1410:  (1, 0.5)  (2, 0.5) 
1411:  (1, 0.5)  (2, 0.5) 
1412:  (1, 0.5)  (2, 0.5) 
1413:  (2, 0.5)  (3, 0.5) 
1414:  (2, 0.5)  (3, 0.5) 
1415:  (2, 0.5)  (3, 0.5) 
1416:  (1, 1) 
1417:  (1, 1) 
1418:  (1, 1) 
1419:  (0, 0.333)  (1, 0.333)  (18, 0.333) 
1420:  (0, 0.333)  (1, 0.333)  (18, 0.333) 
1421:  (0, 0.333)  (1, 0.333)  (18, 0.333) 
1422:  (1, 1) 
1423:  (1, 1) 
1424:  (1, 1) 
1425:  (1, 0.333)  (2, 0.333)  (18, 0.333) 
1426:  (1, 0.333)  (2, 0.333)  (18, 0.333) 
1427:  (1, 0.333)  (2, 0.333)  (18, 0.333) 
1428:  (1, 0.5)  (2, 0.5) 
1429:  (1, 0.5)  (2, 0.5) 
1430:  (1, 0.5)  (2, 0.5) 
1431:  (1, 0.333)  (2, 0.333)  (18, 0.333) 
1432:  (1, 0.333)  (2, 0.333)  (18, 0.333) 
1433:  (1, 0.333)  (2, 0.333)  (18, 0.333) 
1434:  (2, 1) 
1435:  (2, 1) 
1436:  (2, 1) 
1437:  (2, 0.5)  (3, 0.5) 
1438:  (2, 0.5)  (3, 0.5) 
1439:  (2, 0.5)  (3, 0.5) 
1440:  (0, 0.5)  (18, 0.5) 
1441:  (0, 0.5)  (18, 0.5) 
1442:  (0, 0.5)  (18, 0.5) 
1443:  (18, 0.5)  (19, 0.5) 
1444:  (18, 0.5)  (19, 0.5) 
1445:  (18, 0.5)  (19, 0.5) 
1446:  (18, 0.5)  (19, 0.5) 
1447:  (18, 0.5)  (19, 0.5) 
1448:  (18, 0.5)  (19, 0.5) 
1449:  (18, 1) 
1450:  (18, 1) 
1451:  (18, 1) 
1452:  (18, 0.5)  (19, 0.5) 
1453:  (18, 0.5)  (19, 0.5) 
1454:  (18, 0.5)  (19, 0.5) 
1455:  (18, 0.5)  (19, 0.5) 
1456:  (18, 0.5)  (19, 0.5) 
1457:  (18, 0.5)  (19, 0.5) 
1458:  (18, 0.5)  (19, 0.5) 
1459:  (18, 0.5)  (19, 0.5) 
1460:  (18, 0.5)  (19, 0.5) 
1461:  (0, 0.333)  (1, 0.333)  (18, 0.333) 
1462:  (0, 0.333)  (1, 0.333)  (18, 0.333) 
1463:  (0, 0.333)  (1, 0.333)  (18, 0.333) 
1464:  (2, 1) 
1465:  (2, 1) 
1466:  (2, 1) 
1467:  (2, 1) 
1468:  (2, 1) 
1469:  (2, 1) 
1470:  (1, 0.333)  (2, 0.333)  (18, 0.333) 
1471:  (1, 0.333)  (2, 0.333)  (18, 0.333) 
1472:  (1, 0.333)  (2, 0.333)  (18, 0.333) 
1473:  (2, 0.5)  (11, 0.5) 
1474:  (2, 0.5)  (11, 0.5) 
1475:  (2, 0.5)  (11, 0.5) 
1476:  (0, 0.25)  (1, 0.25)  (2, 0.25)  (18, 0.25) 
1477:  (0, 0.25)  (1, 0.25)  (2, 0.25)  (18, 0.25) 
1478:  (0, 0.25)  (1, 0.25)  (2, 0.25)  (18, 0.25) 
1479:  (2, 0.333)  (3, 0.333)  (11, 0.333) 
1480:  (2, 0.333)  (3, 0.333)  (11, 0.333) 
1481:  (2, 0.333)  (3, 0.333)  (11, 0.333) 
1482:  (2, 1) 
1483:  (2, 1) 
1484:  (2, 1) 
1485:  (2, 0.5)  (3, 0.5) 
1486:  (2, 0.5)  (3, 0.5) 
1487:  (2, 0.5)  (3, 0.5) 
1488:  (2, 1) 
1489:  (2, 1) 
1490:  (2, 1) 
1491:  (2, 0.5)  (3, 0.5) 
1492:  (2, 0.5)  (3, 0.5) 
1493:  (2, 0.5)  (3, 0.5) 
1494:  (2, 1) 
1495:  (2, 1) 
1496:  (2, 1) 
1497:  (2, 0.5)  (3, 0.5) 
1498:  (2, 0.5)  (3, 0.5) 
1499:  (2, 0.5)  (3, 0.5) 
1500:  (2, 0.5)  (3, 0.5) 
1501:  (2, 0.5)  (3, 0.5) 
1502:  (2, 0.5)  (3, 0.5) 
1503:  (2, 0.5)  (3, 0.5) 
1504:  (2, 0.5)  (3, 0.5) 
1505:  (2, 0.5)  (3, 0.5) 
1506:  (2, 0.5)  (3, 0.5) 
1507:  (2, 0.5)  (3, 0.5) 
1508:  (2, 0.5)  (3, 0.5) 
1509:  (2, 0.5)  (3, 0.5) 
1510:  (2, 0.5)  (3, 0.5) 
1511:  (2, 0.5)  (3, 0.5) 
1512:  (2, 0.5)  (3, 0.5) 
1513:  (2, 0.5)  (3, 0.5) 
1514:  (2, 0.5)  (3, 0.5) 
1515:  (2, 0.5)  (3, 0.5) 
1516:  (2, 0.5)  (3, 0.5) 
1517:  (2, 0.5)  (3, 0.5) 
1518:  (18, 0.5)  (23, 0.5) 
1519:  (18, 0.5)  (23, 0.5) 
1520:  (18, 0.5)  (23, 0.5) 
1521:  (23, 0.5)  (24, 0.5) 
1522:  (23, 0.5)  (24, 0.5) 
1523:  (23, 0.5)  (24, 0.5) 
1524:  (23, 0.5)  (24, 0.5) 
1525:  (23, 0.5)  (24, 0.5) 
1526:  (23, 0.5)  (24, 0.5) 
1527:  (18, 0.5)  (23, 0.5) 
1528:  (18, 0.5)  (23, 0.5) 
1529:  (18, 0.5)  (23, 0.5) 
1530:  (23, 1) 
1531:  (23, 1) 
1532:  (23, 1) 
1533:  (0, 0.333)  (1, 0.333)  (23, 0.333) 
1534:  (0, 0.333)  (1, 0.333)  (23, 0.333) 
1535:  (0, 0.333)  (1, 0.333)  (23, 0.333) 
1536:  (18, 0.5)  (23, 0.5) 
1537:  (18, 0.5)  (23, 0.5) 
1538:  (18, 0.5)  (23, 0.5) 
1539:  (23, 1) 
1540:  (23, 1) 
1541:  (23, 1) 
1542:  (0, 0.25)  (1, 0.25)  (18, 0.25)  (23, 0.25) 
1543:  (0, 0.25)  (1, 0.25)  (18, 0.25)  (23, 0.25) 
1544:  (0, 0.25)  (1, 0.25)  (18, 0.25)  (23, 0.25) 
1545:  (23, 1) 
1546:  (23, 1) 
1547:  (23, 1) 
1548:  (0, 0.333)  (1, 0.333)  (23, 0.333) 
1549:  (0, 0.333)  (1, 0.333)  (23, 0.333) 
1550:  (0, 0.333)  (1, 0.333)  (23, 0.333) 
1551:  (23, 1) 
1552:  (23, 1) 
1553:  (23, 1) 
1554:  (0, 0.333)  (1, 0.333)  (23, 0.333) 
1555:  (0, 0.333)  (1, 0.333)  (23, 0.333) 
1556:  (0, 0.333)  (1, 0.333)  (23, 0.333) 
1557:  (23, 1) 
1558:  (23, 1) 
1559:  (23, 1) 
1560:  (23, 1) 
1561:  (23, 1) 
1562:  (23, 1) 
1563:  (23, 0.5)  (24, 0.5) 
1564:  (23, 0.5)  (24, 0.5) 
1565:  (23, 0.5)  (24, 0.5) 
1566:  (23, 1) 
1567:  (23, 1) 
1568:  (23, 1) 
1569:  (18, 0.5)  (23, 0.5) 
1570:  (18, 0.5)  (23, 0.5) 
1571:  (18, 0.5)  (23, 0.5) 
1572:  (23, 0.5)  (24, 0.5) 
1573:  (23, 0.5)  (24, 0.5) 
1574:  (23, 0.5)  (24, 0.5) 
1575:  (23, 1) 
1576:  (23, 1) 
1577:  (23, 1) 
1578:  (23, 0.5)  (24, 0.5) 
1579:  (23, 0.5)  (24, 0.5) 
1580:  (23, 0.5)  (24, 0.5) 
1581:  (23, 0.5)  (24, 0.5) 
1582:  (23, 0.5)  (24, 0.5) 
1583:  (23, 0.5)  (24, 0.5) 
1584:  (23, 1) 
1585:  (23, 1) 
1586:  (23, 1) 
1587:  (23, 1) 
1588:  (23, 1) 
1589:  (23, 1) 
1590:  (18, 0.5)  (23, 0.5) 
1591:  (18, 0.5)  (23, 0.5) 
1592:  (18, 0.5)  (23, 0.5) 
1593:  (23, 0.5)  (24, 0.5) 
1594:  (23, 0.5)  (24, 0.5) 
1595:  (23, 0.5)  (24, 0.5) 
1596:  (23, 0.5)  (24, 0.5) 
1597:  (23, 0.5)  (24, 0.5) 
1598:  (23, 0.5)  (24, 0.5) 
1599:  (18, 0.5)  (23, 0.5) 
1600:  (18, 0.5)  (23, 0.5) 
1601:  (18, 0.5)  (23, 0.5) 
1602:  (23, 0.5)  (24, 0.5) 
1603:  (23, 0.5)  (24, 0.5) 
1604:  (23, 0.5)  (24, 0.5) 
1605:  (23, 1) 
1606:  (23, 1) 
1607:  (23, 1) 
1608:  (23, 0.5)  (24, 0.5) 
1609:  (23, 0.5)  (24, 0.5) 
1610:  (23, 0.5)  (24, 0.5) 
1611:  (23, 1) 
1612:  (23, 1) 
1613:  (23, 1) 
1614:  (23, 1) 
1615:  (23, 1) 
1616:  (23, 1) 
1617:  (23, 0.5)  (24, 0.5) 
1618:  (23, 0.5)  (24, 0.5) 
1619:  (23, 0.5)  (24, 0.5) 
1620:  (23, 0.5)  (24, 0.5) 
1621:  (23, 0.5)  (24, 0.5) 
1622:  (23, 0.5)  (24, 0.5) 
1623:  (23, 0.5)  (24, 0.5) 
1624:  (23, 0.5)  (24, 0.5) 
1625:  (23, 0.5)  (24, 0.5) 
1626:  (23, 0.5)  (24, 0.5) 
1627:  (23, 0.5)  (24, 0.5) 
1628:  (23, 0.5)  (24, 0.5) 
1629:  (23, 0.5)  (24, 0.5) 
1630:  (23, 0.5)  (24, 0.5) 
1631:  (23, 0.5)  (24, 0.5) 
1632:  (23, 0.5)  (24, 0.5) 
1633:  (23, 0.5)  (24, 0.5) 
1634:  (23, 0.5)  (24, 0.5) 
1635:  (23, 0.5)  (24, 0.5) 
1636:  (23, 0.5)  (24, 0.5) 
1637:  (23, 0.5)  (24, 0.5) 
1638:  (23, 0.5)  (24, 0.5) 
1639:  (23, 0.5)  (24, 0.5) 
1640:  (23, 0.5)  (24, 0.5) 
1641:  (23, 0.5)  (24, 0.5) 
1642:  (23, 0.5)  (24, 0.5) 
1643:  (23, 0.5)  (24, 0.5) 
1644:  (23, 0.5)  (24, 0.5) 
1645:  (23, 0.5)  (24, 0.5) 
1646:  (23, 0.5)  (24, 0.5) 
1647:  (23, 0.5)  (24, 0.5) 
1648:  (23, 0.5)  (24, 0.5) 
1649:  (23, 0.5)  (24, 0.5) 
1650:  (23, 0.5)  (24, 0.5) 
1651:  (23, 0.5)  (24, 0.5) 
1652:  (23, 0.5)  (24, 0.5) 
1653:  (23, 0.5)  (24, 0.5) 
1654:  (23, 0.5)  (24, 0.5) 
1655:  (23, 0.5)  (24, 0.5) 
1656:  (23, 0.5)  (24, 0.5) 
1657:  (23, 0.5)  (24, 0.5) 
1658:  (23, 0.5)  (24, 0.5) 
1659:  (23, 0.5)  (24, 0.5) 
1660:  (23, 0.5)  (24, 0.5) 
1661:  (23, 0.5)  (24, 0.5) 
1662:  (23, 0.5)  (24, 0.5) 
1663:  (23, 0.5)  (24, 0.5) 
1664:  (23, 0.5)  (24, 0.5) 
1665:  (23, 0.5)  (24, 0.5) 
1666:  (23, 0.5)  (24, 0.5) 
1667:  (23, 0.5)  (24, 0.5) 
1668:  (23, 0.5)  (24, 0.5) 
1669:  (23, 0.5)  (24, 0.5) 
1670:  (23, 0.5)  (24, 0.5) 
1671:  (23, 0.5)  (24, 0.5) 
1672:  (23, 0.5)  (24, 0.5) 
1673:  (23, 0.5)  (24, 0.5) 
1674:  (23, 0.5)  (24, 0.5) 
1675:  (23, 0.5)  (24, 0.5) 
1676:  (23, 0.5)  (24, 0.5) 
1677:  (23, 0.5)  (24, 0.5) 
1678:  (23, 0.5)  (24, 0.5) 
1679:  (23, 0.5)  (24, 0.5) 
1680:  (23, 0.5)  (24, 0.5) 
1681:  (23, 0.5)  (24, 0.5) 
1682:  (23, 0.5)  (24, 0.5) 
1683:  (23, 0.5)  (24, 0.5) 
1684:  (23, 0.5)  (24, 0.5) 
1685:  (23, 0.5)  (24, 0.5) 
1686:  (23, 0.5)  (24, 0.5) 
1687:  (23, 0.5)  (24, 0.5) 
1688:  (23, 0.5)  (24, 0.5) 
1689:  (23, 0.5)  (24, 0.5) 
1690:  (23, 0.5)  (24, 0.5) 
1691:  (23, 0.5)  (24, 0.5) 
1692:  (24, 1) 
1693:  (24, 1) 
1694:  (24, 1) 
1695:  (23, 0.5)  (24, 0.5) 
1696:  (23, 0.5)  (24, 0.5) 
1697:  (23, 0.5)  (24, 0.5) 
1698:  (23, 0.5)  (24, 0.5) 
1699:  (23, 0.5)  (24, 0.5) 
1700:  (23, 0.5)  (24, 0.5) 
1701:  (24, 1) 
1702:  (24, 1) 
1703:  (24, 1) 
1704:  (23, 0.5)  (24, 0.5) 
1705:  (23, 0.5)  (24, 0.5) 
1706:  (23, 0.5)  (24, 0.5) 
1707:  (24, 1) 
1708:  (24, 1) 
1709:  (24, 1) 
1710:  (23, 0.5)  (24, 0.5) 
1711:  (23, 0.5)  (24, 0.5) 
1712:  (23, 0.5)  (24, 0.5) 
1713:  (23, 0.5)  (24, 0.5) 
1714:  (23, 0.5)  (24, 0.5) 
1715:  (23, 0.5)  (24, 0.5) 
1716:  (24, 1) 
1717:  (24, 1) 
1718:  (24, 1) 
1719:  (23, 0.5)  (24, 0.5) 
1720:  (23, 0.5)  (24, 0.5) 
1721:  (23, 0.5)  (24, 0.5) 
1722:  (24, 1) 
1723:  (24, 1) 
1724:  (24, 1) 
1725:  (23, 0.5)  (24, 0.5) 
1726:  (23, 0.5)  (24, 0.5) 
1727:  (23, 0.5)  (24, 0.5) 
1728:  (23, 0.5)  (24, 0.5) 
1729:  (23, 0.5)  (24, 0.5) 
1730:  (23, 0.5)  (24, 0.5) 
1731:  (24, 1) 
1732:  (24, 1) 
1733:  (24, 1) 
1734:  (23, 0.5)  (24, 0.5) 
1735:  (23, 0.5)  (24, 0.5) 
1736:  (23, 0.5)  (24, 0.5) 
1737:  (24, 1) 
1738:  (24, 1) 
1739:  (24, 1) 
1740:  (23, 0.5)  (24, 0.5) 
1741:  (23, 0.5)  (24, 0.5) 
1742:  (23, 0.5)  (24, 0.5) 
1743:  (23, 0.5)  (24, 0.5) 
1744:  (23, 0.5)  (24, 0.5) 
1745:  (23, 0.5)  (24, 0.5) 
1746:  (24, 1) 
1747:  (24, 1) 
1748:  (24, 1) 
1749:  (23, 0.5)  (24, 0.5) 
1750:  (23, 0.5)  (24, 0.5) 
1751:  (23, 0.5)  (24, 0.5) 
1752:  (24, 1) 
1753:  (24, 1) 
1754:  (24, 1) 
1755:  (23, 0.5)  (24, 0.5) 
1756:  (23, 0.5)  (24, 0.5) 
1757:  (23, 0.5)  (24, 0.5) 
1758:  (23, 0.5)  (24, 0.5) 
1759:  (23, 0.5)  (24, 0.5) 
1760:  (23, 0.5)  (24, 0.5) 
1761:  (18, 0.5)  (23, 0.5) 
1762:  (18, 0.5)  (23, 0.5) 
1763:  (18, 0.5)  (23, 0.5) 
1764:  (23, 1) 
1765:  (23, 1) 
1766:  (23, 1) 
1767:  (23, 1) 
1768:  (23, 1) 
1769:  (23, 1) 
1770:  (0, 0.333)  (1, 0.333)  (23, 0.333) 
1771:  (0, 0.333)  (1, 0.333)  (23, 0.333) 
1772:  (0, 0.333)  (1, 0.333)  (23, 0.333) 
1773:  (0, 0.333)  (1, 0.333)  (23, 0.333) 
1774:  (0, 0.333)  (1, 0.333)  (23, 0.333) 
1775:  (0, 0.333)  (1, 0.333)  (23, 0.333) 
1776:  (0, 0.25)  (1, 0.25)  (18, 0.25)  (23, 0.25) 
1777:  (0, 0.25)  (1, 0.25)  (18, 0.25)  (23, 0.25) 
1778:  (0, 0.25)  (1, 0.25)  (18, 0.25)  (23, 0.25) 
1779:  (23, 1) 
1780:  (23, 1) 
1781:  (23, 1) 
1782:  (0, 0.333)  (1, 0.333)  (23, 0.333) 
1783:  (0, 0.333)  (1, 0.333)  (23, 0.333) 
1784:  (0, 0.333)  (1, 0.333)  (23, 0.333) 
1785:  (0, 0.25)  (1, 0.25)  (18, 0.25)  (23, 0.25) 
1786:  (0, 0.25)  (1, 0.25)  (18, 0.25)  (23, 0.25) 
1787:  (0, 0.25)  (1, 0.25)  (18, 0.25)  (23, 0.25) 
1788:  (18, 0.5)  (23, 0.5) 
1789:  (18, 0.5)  (23, 0.5) 
1790:  (18, 0.5)  (23, 0.5) 
1791:  (18, 0.5)  (23, 0.5) 
1792:  (18, 0.5)  (23, 0.5) 
1793:  (18, 0.5)  (23, 0.5) 
1794:  (18, 0.5)  (23, 0.5) 
1795:  (18, 0.5)  (23, 0.5) 
1796:  (18, 0.5)  (23, 0.5) 
1797:  (18, 0.5)  (23, 0.5) 
1798:  (18, 0.5)  (23, 0.5) 
1799:  (18, 0.5)  (23, 0.5) 
1800:  (18, 0.5)  (19, 0.5) 
1801:  (18, 0.5)  (19, 0.5) 
1802:  (18, 0.5)  (19, 0.5) 
1803:  (18, 0.5)  (23, 0.5) 
1804:  (18, 0.5)  (23, 0.5) 
1805:  (18, 0.5)  (23, 0.5) 
1806:  (18, 0.5)  (19, 0.5) 
1807:  (18, 0.5)  (19, 0.5) 
1808:  (18, 0.5)  (19, 0.5) 
1809:  (0, 0.333)  (1, 0.333)  (18, 0.333) 
1810:  (0, 0.333)  (1, 0.333)  (18, 0.333) 
1811:  (0, 0.333)  (1, 0.333)  (18, 0.333) 
1812:  (18, 1) 
1813:  (18, 1) 
1814:  (18, 1) 
1815:  (0, 0.25)  (1, 0.25)  (18, 0.25)  (23, 0.25) 
1816:  (0, 0.25)  (1, 0.25)  (18, 0.25)  (23, 0.25) 
1817:  (0, 0.25)  (1, 0.25)  (18, 0.25)  (23, 0.25) 
1818:  (18, 1) 
1819:  (18, 1) 
1820:  (18, 1) 
1821:  (0, 0.25)  (1, 0.25)  (18, 0.25)  (23, 0.25) 
1822:  (0, 0.25)  (1, 0.25)  (18, 0.25)  (23, 0.25) 
1823:  (0, 0.25)  (1, 0.25)  (18, 0.25)  (23, 0.25) 
1824:  (18, 0.5)  (23, 0.5) 
1825:  (18, 0.5)  (23, 0.5) 
1826:  (18, 0.5)  (23, 0.5) 
1827:  (0, 0.333)  (1, 0.333)  (18, 0.333) 
1828:  (0, 0.333)  (1, 0.333)  (18, 0.333) 
1829:  (0, 0.333)  (1, 0.333)  (18, 0.333) 
1830:  (18, 1) 
1831:  (18, 1) 
1832:  (18, 1) 
1833:  (18, 1) 
1834:  (18, 1) 
1835:  (18, 1) 
1836:  (0, 0.333)  (1, 0.333)  (18, 0.333) 
1837:  (0, 0.333)  (1, 0.333)  (18, 0.333) 
1838:  (0, 0.333)  (1, 0.333)  (18, 0.333) 
1839:  (18, 1) 
1840:  (18, 1) 
1841:  (18, 1) 
1842:  (18, 1) 
1843:  (18, 1) 
1844:  (18, 1) 
1845:  (18, 0.5)  (19, 0.5) 
1846:  (18, 0.5)  (19, 0.5) 
1847:  (18, 0.5)  (19, 0.5) 
1848:  (18, 1) 
1849:  (18, 1) 
1850:  (18, 1) 
1851:  (18, 0.5)  (23, 0.5) 
1852:  (18, 0.5)  (23, 0.5) 
1853:  (18, 0.5)  (23, 0.5) 
1854:  (18, 1) 
1855:  (18, 1) 
1856:  (18, 1) 
1857:  (18, 0.5)  (19, 0.5) 
1858:  (18, 0.5)  (19, 0.5) 
1859:  (18, 0.5)  (19, 0.5) 
1860:  (18, 0.5)  (19, 0.5) 
1861:  (18, 0.5)  (19, 0.5) 
1862:  (18, 0.5)  (19, 0.5) 
1863:  (18, 1) 
1864:  (18, 1) 
1865:  (18, 1) 
1866:  (18, 0.5)  (19, 0.5) 
1867:  (18, 0.5)  (19, 0.5) 
1868:  (18, 0.5)  (19, 0.5) 
1869:  (18, 1) 
1870:  (18, 1) 
1871:  (18, 1) 
1872:  (18, 0.5)  (23, 0.5) 
1873:  (18, 0.5)  (23, 0.5) 
1874:  (18, 0.5)  (23, 0.5) 
1875:  (18, 0.5)  (19, 0.5) 
1876:  (18, 0.5)  (19, 0.5) 
1877:  (18, 0.5)  (19, 0.5) 
1878:  (18, 0.5)  (23, 0.5) 
1879:  (18, 0.5)  (23, 0.5) 
1880:  (18, 0.5)  (23, 0.5) 
1881:  (18, 0.5)  (19, 0.5) 
1882:  (18, 0.5)  (19, 0.5) 
1883:  (18, 0.5)  (19, 0.5) 
1884:  (18, 1) 
1885:  (18, 1) 
1886:  (18, 1) 
1887:  (18, 0.5)  (19, 0.5) 
1888:  (18, 0.5)  (19, 0.5) 
1889:  (18, 0.5)  (19, 0.5) 
1890:  (18, 0.5)  (19, 0.5) 
1891:  (18, 0.5)  (19, 0.5) 
1892:  (18, 0.5)  (19, 0.5) 
1893:  (18, 1) 
1894:  (18, 1) 
1895:  (18, 1) 
1896:  (18, 1) 
1897:  (18, 1) 
1898:  (18, 1) 
1899:  (18, 0.5)  (19, 0.5) 
1900:  (18, 0.5)  (19, 0.5) 
1901:  (18, 0.5)  (19, 0.5) 
1902:  (18, 0.5)  (19, 0.5) 
1903:  (18, 0.5)  (19, 0.5) 
1904:  (18, 0.5)  (19, 0.5) 
1905:  (18, 0.5)  (19, 0.5) 
1906:  (18, 0.5)  (19, 0.5) 
1907:  (18, 0.5)  (19, 0.5) 
1908:  (18, 0.5)  (19, 0.5) 
1909:  (18, 0.5)  (19, 0.5) 
1910:  (18, 0.5)  (19, 0.5) 
1911:  (18, 0.5)  (19, 0.5) 
1912:  (18, 0.5)  (19, 0.5) 
1913:  (18, 0.5)  (19, 0.5) 
1914:  (18, 0.5)  (19, 0.5) 
1915:  (18, 0.5)  (19, 0.5) 
1916:  (18, 0.5)  (19, 0.5) 
1917:  (18, 0.5)  (19, 0.5) 
1918:  (18, 0.5)  (19, 0.5) 
1919:  (18, 0.5)  (19, 0.5) 
1920:  (18, 0.5)  (19, 0.5) 
1921:  (18, 0.5)  (19, 0.5) 
1922:  (18, 0.5)  (19, 0.5) 
1923:  (18, 0.5)  (19, 0.5) 
1924:  (18, 0.5)  (19, 0.5) 
1925:  (18, 0.5)  (19, 0.5) 
1926:  (18, 0.5)  (19, 0.5) 
1927:  (18, 0.5)  (19, 0.5) 
1928:  (18, 0.5)  (19, 0.5) 
1929:  (18, 0.5)  (19, 0.5) 
1930:  (18, 0.5)  (19, 0.5) 
1931:  (18, 0.5)  (19, 0.5) 
1932:  (18, 0.5)  (19, 0.5) 
1933:  (18, 0.5)  (19, 0.5) 
1934:  (18, 0.5)  (19, 0.5) 
1935:  (18, 0.5)  (19, 0.5) 
1936:  (18, 0.5)  (19, 0.5) 
1937:  (18, 0.5)  (19, 0.5) 
1938:  (18, 0.5)  (19, 0.5) 
1939:  (18, 0.5)  (19, 0.5) 
1940:  (18, 0.5)  (19, 0.5) 
1941:  (18, 0.5)  (19, 0.5) 
1942:  (18, 0.5)  (19, 0.5) 
1943:  (18, 0.5)  (19, 0.5) 
1944:  (18, 0.5)  (19, 0.5) 
1945:  (18, 0.5)  (19, 0.5) 
1946:  (18, 0.5)  (19, 0.5) 
1947:  (18, 0.5)  (19, 0.5) 
1948:  (18, 0.5)  (19, 0.5) 
1949:  (18, 0.5)  (19, 0.5) 
1950:  (18, 0.5)  (19, 0.5) 
1951:  (18, 0.5)  (19, 0.5) 
1952:  (18, 0.5)  (19, 0.5) 
1953:  (18, 0.5)  (19, 0.5) 
1954:  (18, 0.5)  (19, 0.5) 
1955:  (18, 0.5)  (19, 0.5) 
1956:  (18, 0.5)  (19, 0.5) 
1957:  (18, 0.5)  (19, 0.5) 
1958:  (18, 0.5)  (19, 0.5) 
1959:  (18, 0.5)  (19, 0.5) 
1960:  (18, 0.5)  (19, 0.5) 
1961:  (18, 0.5)  (19, 0.5) 
1962:  (18, 0.5)  (19, 0.5) 
1963:  (18, 0.5)  (19, 0.5) 
1964:  (18, 0.5)  (19, 0.5) 
1965:  (18, 0.5)  (19, 0.5) 
1966:  (18, 0.5)  (19, 0.5) 
1967:  (18, 0.5)  (19, 0.5) 
1968:  (18, 0.5)  (19, 0.5) 
1969:  (18, 0.5)  (19, 0.5) 
1970:  (18, 0.5)  (19, 0.5) 
1971:  (18, 0.5)  (19, 0.5) 
1972:  (18, 0.5)  (19, 0.5) 
1973:  (18, 0.5)  (19, 0.5) 
1974:  (19, 1) 
1975:  (19, 1) 
1976:  (19, 1) 
1977:  (18, 0.5)  (19, 0.5) 
1978:  (18, 0.5)  (19, 0.5) 
1979:  (18, 0.5)  (19, 0.5) 
1980:  (18, 0.5)  (19, 0.5) 
1981:  (18, 0.5)  (19, 0.5) 
1982:  (18, 0.5)  (19, 0.5) 
1983:  (18, 0.5)  (19, 0.5) 
1984:  (18, 0.5)  (19, 0.5) 
1985:  (18, 0.5)  (19, 0.5) 
1986:  (19, 1) 
1987:  (19, 1) 
1988:  (19, 1) 
1989:  (19, 1) 
1990:  (19, 1) 
1991:  (19, 1) 
1992:  (18, 0.5)  (19, 0.5) 
1993:  (18, 0.5)  (19, 0.5) 
1994:  (18, 0.5)  (19, 0.5) 
1995:  (18, 0.5)  (19, 0.5) 
1996:  (18, 0.5)  (19, 0.5) 
1997:  (18, 0.5)  (19, 0.5) 
1998:  (18, 0.5)  (19, 0.5) 
1999:  (18, 0.5)  (19, 0.5) 
2000:  (18, 0.5)  (19, 0.5) 
2001:  (19, 1) 
2002:  (19, 1) 
2003:  (19, 1) 
2004:  (19, 1) 
2005:  (19, 1) 
2006:  (19, 1) 
2007:  (18, 0.5)  (19, 0.5) 
2008:  (18, 0.5)  (19, 0.5) 
2009:  (18, 0.5)  (19, 0.5) 
2010:  (18, 0.5)  (19, 0.5) 
2011:  (18, 0.5)  (19, 0.5) 
2012:  (18, 0.5)  (19, 0.5) 
2013:  (18, 0.5)  (19, 0.5) 
2014:  (18, 0.5)  (19, 0.5) 
2015:  (18, 0.5)  (19, 0.5) 
2016:  (19, 1) 
2017:  (19, 1) 
2018:  (19, 1) 
2019:  (19, 1) 
2020:  (19, 1) 
2021:  (19, 1) 
2022:  (18, 0.5)  (19, 0.5) 
2023:  (18, 0.5)  (19, 0.5) 
2024:  (18, 0.5)  (19, 0.5) 
2025:  (18, 0.5)  (19, 0.5) 
2026:  (18, 0.5)  (19, 0.5) 
2027:  (18, 0.5)  (19, 0.5) 
2028:  (18, 0.5)  (19, 0.5) 
2029:  (18, 0.5)  (19, 0.5) 
2030:  (18, 0.5)  (19, 0.5) 
2031:  (19, 1) 
2032:  (19, 1) 
2033:  (19, 1) 
2034:  (19, 1) 
2035:  (19, 1) 
2036:  (19, 1) 
2037:  (18, 0.5)  (19, 0.5) 
2038:  (18, 0.5)  (19, 0.5) 
2039:  (18, 0.5)  (19, 0.5) 
2040:  (18, 0.5)  (19, 0.5) 
2041:  (18, 0.5)  (19, 0.5) 
2042:  (18, 0.5)  (19, 0.5) 
2043:  (18, 0.5)  (23, 0.5) 
2044:  (18, 0.5)  (23, 0.5) 
2045:  (18, 0.5)  (23, 0.5) 
2046:  (0, 0.25)  (1, 0.25)  (18, 0.25)  (23, 0.25) 
2047:  (0, 0.25)  (1, 0.25)  (18, 0.25)  (23, 0.25) 
2048:  (0, 0.25)  (1, 0.25)  (18, 0.25)  (23, 0.25) 
2049:  (18, 1) 
2050:  (18, 1) 
2051:  (18, 1) 
2052:  (0, 0.333)  (1, 0.333)  (18, 0.333) 
2053:  (0, 0.333)  (1, 0.333)  (18, 0.333) 
2054:  (0, 0.333)  (1, 0.333)  (18, 0.333) 
2055:  (18, 1) 
2056:  (18, 1) 
2057:  (18, 1) 
2058:  (0, 0.333)  (1, 0.333)  (18, 0.333) 
2059:  (0, 0.333)  (1, 0.333)  (18, 0.333) 
2060:  (0, 0.333)  (1, 0.333)  (18, 0.333) 
2061:  (18, 1) 
2062:  (18, 1) 
2063:  (18, 1) 
2064:  (0, 0.25)  (1, 0.25)  (18, 0.25)  (23, 0.25) 
2065:  (0, 0.25)  (1, 0.25)  (18, 0.25)  (23, 0.25) 
2066:  (0, 0.25)  (1, 0.25)  (18, 0.25)  (23, 0.25) 
2067:  (0, 0.333)  (1, 0.333)  (18, 0.333) 
2068:  (0, 0.333)  (1, 0.333)  (18, 0.333) 
2069:  (0, 0.333)  (1, 0.333)  (18, 0.333) 
2070:  (0, 0.25)  (1, 0.25)  (18, 0.25)  (23, 0.25) 
2071:  (0, 0.25)  (1, 0.25)  (18, 0.25)  (23, 0.25) 
2072:  (0, 0.25)  (1, 0.25)  (18, 0.25)  (23, 0.25) 
2073:  (0, 0.25)  (1, 0.25)  (18, 0.25)  (23, 0.25) 
2074:  (0, 0.25)  (1, 0.25)  (18, 0.25)  (23, 0.25) 
2075:  (0, 0.25)  (1, 0.25)  (18, 0.25)  (23, 0.25) 
2076:  (24, 1) 
2077:  (24, 1) 
2078:  (24, 1) 
2079:  (24, 1) 
2080:  (24, 1) 
2081:  (24, 1) 
2082:  (24, 1) 
2083:  (24, 1) 
2084:  (24, 1) 
2085:  (24, 1) 
2086:  (24, 1) 
2087:  (24, 1) 
2088:  (24, 1) 
2089:  (24, 1) 
2090:  (24, 1) 
2091:  (24, 1) 
2092:  (24, 1) 
2093:  (24, 1) 
2094:  (24, 1) 
2095:  (24, 1) 
2096:  (24, 1) 
2097:  (24, 1) 
2098:  (24, 1) 
2099:  (24, 1) 
2100:  (24, 1) 
2101:  (24, 1) 
2102:  (24, 1) 
2103:  (24, 1) 
2104:  (24, 1) 
2105:  (24, 1) 
2106:  (24, 1) 
2107:  (24, 1) 
2108:  (24, 1) 
2109:  (24, 1) 
2110:  (24, 1) 
2111:  (24, 1) 
2112:  (24, 1) 
2113:  (24, 1) 
2114:  (24, 1) 
2115:  (24, 1) 
2116:  (24, 1) 
2117:  (24, 1) 
2118:  (24, 1) 
2119:  (24, 1) 
2120:  (24, 1) 
2121:  (24, 1) 
2122:  (24, 1) 
2123:  (24, 1) 
2124:  (24, 1) 
2125:  (24, 1) 
2126:  (24, 1) 
2127:  (24, 1) 
2128:  (24, 1) 
2129:  (24, 1) 
2130:  (24, 1) 
2131:  (24, 1) 
2132:  (24, 1) 
2133:  (24, 1) 
2134:  (24, 1) 
2135:  (24, 1) 
2136:  (24, 1) 
2137:  (24, 1) 
2138:  (24, 1) 
2139:  (24, 1) 
2140:  (24, 1) 
2141:  (24, 1) 
2142:  (24, 1) 
2143:  (24, 1) 
2144:  (24, 1) 
2145:  (25, 1) 
2146:  (25, 1) 
2147:  (25, 1) 
2148:  (25, 1) 
2149:  (25, 1) 
2150:  (25, 1) 
2151:  (25, 1) 
2152:  (25, 1) 
2153:  (25, 1) 
2154:  (25, 1) 
2155:  (25, 1) 
2156:  (25, 1) 
2157:  (24, 1) 
2158:  (24, 1) 
2159:  (24, 1) 
2160:  (24, 0.5)  (25, 0.5) 
2161:  (24, 0.5)  (25, 0.5) 
2162:  (24, 0.5)  (25, 0.5) 
2163:  (24, 1) 
2164:  (24, 1) 
2165:  (24, 1) 
2166:  (24, 1) 
2167:  (24, 1) 
2168:  (24, 1) 
2169:  (24, 0.5)  (25, 0.5) 
2170:  (24, 0.5)  (25, 0.5) 
2171:  (24, 0.5)  (25, 0.5) 
2172:  (24, 0.5)  (25, 0.5) 
2173:  (24, 0.5)  (25, 0.5) 
2174:  (24, 0.5)  (25, 0.5) 
2175:  (24, 0.5)  (25, 0.5) 
2176:  (24, 0.5)  (25, 0.5) 
2177:  (24, 0.5)  (25, 0.5) 
2178:  (24, 1) 
2179:  (24, 1) 
2180:  (24, 1) 
2181:  (24, 1) 
2182:  (24, 1) 
2183:  (24, 1) 
2184:  (24, 1) 
2185:  (24, 1) 
2186:  (24, 1) 
2187:  (24, 1) 
2188:  (24, 1) 
2189:  (24, 1) 
2190:  (24, 1) 
2191:  (24, 1) 
2192:  (24, 1) 
2193:  (24, 1) 
2194:  (24, 1) 
2195:  (24, 1) 
2196:  (24, 1) 
2197:  (24, 1) 
2198:  (24, 1) 
2199:  (24, 1) 
2200:  (24, 1) 
2201:  (24, 1) 
2202:  (24, 1) 
2203:  (24, 1) 
2204:  (24, 1) 
2205:  (24, 1) 
2206:  (24, 1) 
2207:  (24, 1) 
2208:  (24, 1) 
2209:  (24, 1) 
2210:  (24, 1) 
2211:  (24, 1) 
2212:  (24, 1) 
2213:  (24, 1) 
2214:  (24, 1) 
2215:  (24, 1) 
2216:  (24, 1) 
2217:  (24, 1) 
2218:  (24, 1) 
2219:  (24, 1) 
2220:  (24, 0.5)  (25, 0.5) 
2221:  (24, 0.5)  (25, 0.5) 
2222:  (24, 0.5)  (25, 0.5) 
2223:  (24, 0.5)  (25, 0.5) 
2224:  (24, 0.5)  (25, 0.5) 
2225:  (24, 0.5)  (25, 0.5) 
2226:  (24, 1) 
2227:  (24, 1) 
2228:  (24, 1) 
2229:  (24, 1) 
2230:  (24, 1) 
2231:  (24, 1) 
2232:  (24, 0.5)  (25, 0.5) 
2233:  (24, 0.5)  (25, 0.5) 
2234:  (24, 0.5)  (25, 0.5) 
2235:  (24, 1) 
2236:  (24, 1) 
2237:  (24, 1) 
2238:  (24, 0.5)  (25, 0.5) 
2239:  (24, 0.5)  (25, 0.5) 
2240:  (24, 0.5)  (25, 0.5) 
2241:  (24, 1) 
2242:  (24, 1) 
2243:  (24, 1) 
2244:  (26, 0.5)  (27, 0.5) 
2245:  (26, 0.5)  (27, 0.5) 
2246:  (26, 0.5)  (27, 0.5) 
2247:  (26, 0.5)  (27, 0.5) 
2248:  (26, 0.5)  (27, 0.5) 
2249:  (26, 0.5)  (27, 0.5) 
2250:  (26, 0.5)  (27, 0.5) 
2251:  (26, 0.5)  (27, 0.5) 
2252:  (26, 0.5)  (27, 0.5) 
2253:  (24, 0.5)  (25, 0.5) 
2254:  (24, 0.5)  (25, 0.5) 
2255:  (24, 0.5)  (25, 0.5) 
2256:  (24, 1) 
2257:  (24, 1) 
2258:  (24, 1) 
2259:  (24, 0.5)  (25, 0.5) 
2260:  (24, 0.5)  (25, 0.5) 
2261:  (24, 0.5)  (25, 0.5) 
2262:  (24, 1) 
2263:  (24, 1) 
2264:  (24, 1) 
2265:  (26, 0.5)  (27, 0.5) 
2266:  (26, 0.5)  (27, 0.5) 
2267:  (26, 0.5)  (27, 0.5) 
2268:  (25, 0.5)  (26, 0.5) 
2269:  (25, 0.5)  (26, 0.5) 
2270:  (25, 0.5)  (26, 0.5) 
2271:  (25, 0.5)  (26, 0.5) 
2272:  (25, 0.5)  (26, 0.5) 
2273:  (25, 0.5)  (26, 0.5) 
2274:  (26, 0.5)  (27, 0.5) 
2275:  (26, 0.5)  (27, 0.5) 
2276:  (26, 0.5)  (27, 0.5) 
2277:  (25, 0.5)  (26, 0.5) 
2278:  (25, 0.5)  (26, 0.5) 
2279:  (25, 0.5)  (26, 0.5) 
2280:  (26, 0.5)  (27, 0.5) 
2281:  (26, 0.5)  (27, 0.5) 
2282:  (26, 0.5)  (27, 0.5) 
2283:  (25, 0.5)  (26, 0.5) 
2284:  (25, 0.5)  (26, 0.5) 
2285:  (25, 0.5)  (26, 0.5) 
2286:  (25, 1) 
2287:  (25, 1) 
2288:  (25, 1) 
2289:  (24, 0.5)  (25, 0.5) 
2290:  (24, 0.5)  (25, 0.5) 
2291:  (24, 0.5)  (25, 0.5) 
2292:  (25, 0.5)  (26, 0.5) 
2293:  (25, 0.5)  (26, 0.5) 
2294:  (25, 0.5)  (26, 0.5) 
2295:  (24, 0.5)  (25, 0.5) 
2296:  (24, 0.5)  (25, 0.5) 
2297:  (24, 0.5)  (25, 0.5) 
2298:  (25, 0.5)  (26, 0.5) 
2299:  (25, 0.5)  (26, 0.5) 
2300:  (25, 0.5)  (26, 0.5) 
2301:  (25, 1) 
2302:  (25, 1) 
2303:  (25, 1) 
2304:  (24, 0.5)  (25, 0.5) 
2305:  (24, 0.5)  (25, 0.5) 
2306:  (24, 0.5)  (25, 0.5) 
2307:  (24, 0.5)  (25, 0.5) 
2308:  (24, 0.5)  (25, 0.5) 
2309:  (24, 0.5)  (25, 0.5) 
2310:  (24, 0.5)  (25, 0.5) 
2311:  (24, 0.5)  (25, 0.5) 
2312:  (24, 0.5)  (25, 0.5) 
2313:  (25, 1) 
2314:  (25, 1) 
2315:  (25, 1) 
2316:  (24, 0.5)  (25, 0.5) 
2317:  (24, 0.5)  (25, 0.5) 
2318:  (24, 0.5)  (25, 0.5) 
2319:  (24, 0.5)  (25, 0.5) 
2320:  (24, 0.5)  (25, 0.5) 
2321:  (24, 0.5)  (25, 0.5) 
2322:  (25, 1) 
2323:  (25, 1) 
2324:  (25, 1) 
2325:  (25, 1) 
2326:  (25, 1) 
2327:  (25, 1) 
2328:  (25, 0.5)  (26, 0.5) 
2329:  (25, 0.5)  (26, 0.5) 
2330:  (25, 0.5)  (26, 0.5) 
2331:  (25, 1) 
2332:  (25, 1) 
2333:  (25, 1) 
2334:  (25, 0.5)  (26, 0.5) 
2335:  (25, 0.5)  (26, 0.5) 
2336:  (25, 0.5)  (26, 0.5) 
2337:  (25, 0.5)  (26, 0.5) 
2338:  (25, 0.5)  (26, 0.5) 
2339:  (25, 0.5)  (26, 0.5) 
2340:  (26, 0.5)  (27, 0.5) 
2341:  (26, 0.5)  (27, 0.5) 
2342:  (26, 0.5)  (27, 0.5) 
2343:  (25, 0.5)  (26, 0.5) 
2344:  (25, 0.5)  (26, 0.5) 
2345:  (25, 0.5)  (26, 0.5) 
2346:  (25, 0.5)  (26, 0.5) 
2347:  (25, 0.5)  (26, 0.5) 
2348:  (25, 0.5)  (26, 0.5) 
2349:  (25, 0.5)  (26, 0.5) 
2350:  (25, 0.5)  (26, 0.5) 
2351:  (25, 0.5)  (26, 0.5) 
2352:  (24, 0.5)  (25, 0.5) 
2353:  (24, 0.5)  (25, 0.5) 
2354:  (24, 0.5)  (25, 0.5) 
2355:  (25, 0.5)  (26, 0.5) 
2356:  (25, 0.5)  (26, 0.5) 
2357:  (25, 0.5)  (26, 0.5) 
2358:  (24, 0.5)  (25, 0.5) 
2359:  (24, 0.5)  (25, 0.5) 
2360:  (24, 0.5)  (25, 0.5) 
2361:  (24, 0.5)  (25, 0.5) 
2362:  (24, 0.5)  (25, 0.5) 
2363:  (24, 0.5)  (25, 0.5) 
2364:  (24, 0.5)  (25, 0.5) 
2365:  (24, 0.5)  (25, 0.5) 
2366:  (24, 0.5)  (25, 0.5) 
2367:  (24, 0.5)  (25, 0.5) 
2368:  (24, 0.5)  (25, 0.5) 
2369:  (24, 0.5)  (25, 0.5) 
2370:  (25, 0.5)  (26, 0.5) 
2371:  (25, 0.5)  (26, 0.5) 
2372:  (25, 0.5)  (26, 0.5) 
2373:  (24, 0.5)  (25, 0.5) 
2374:  (24, 0.5)  (25, 0.5) 
2375:  (24, 0.5)  (25, 0.5) 
2376:  (26, 0.5)  (27, 0.5) 
2377:  (26, 0.5)  (27, 0.5) 
2378:  (26, 0.5)  (27, 0.5) 
2379:  (25, 0.5)  (26, 0.5) 
2380:  (25, 0.5)  (26, 0.5) 
2381:  (25, 0.5)  (26, 0.5) 
2382:  (26, 0.5)  (27, 0.5) 
2383:  (26, 0.5)  (27, 0.5) 
2384:  (26, 0.5)  (27, 0.5) 
2385:  (25, 0.5)  (26, 0.5) 
2386:  (25, 0.5)  (26, 0.5) 
2387:  (25, 0.5)  (26, 0.5) 
2388:  (26, 0.5)  (27, 0.5) 
2389:  (26, 0.5)  (27, 0.5) 
2390:  (26, 0.5)  (27, 0.5) 
2391:  (26, 0.5)  (27, 0.5) 
2392:  (26, 0.5)  (27, 0.5) 
2393:  (26, 0.5)  (27, 0.5) 
2394:  (25, 0.5)  (26, 0.5) 
2395:  (25, 0.5)  (26, 0.5) 
2396:  (25, 0.5)  (26, 0.5) 
2397:  (25, 0.5)  (26, 0.5) 
2398:  (25, 0.5)  (26, 0.5) 
2399:  (25, 0.5)  (26, 0.5) 
2400:  (25, 0.5)  (26, 0.5) 
2401:  (25, 0.5)  (26, 0.5) 
2402:  (25, 0.5)  (26, 0.5) 
2403:  (26, 0.5)  (27, 0.5) 
2404:  (26, 0.5)  (27, 0.5) 
2405:  (26, 0.5)  (27, 0.5) 
2406:  (26, 0.5)  (27, 0.5) 
2407:  (26, 0.5)  (27, 0.5) 
2408:  (26, 0.5)  (27, 0.5) 
2409:  (26, 0.5)  (27, 0.5) 
2410:  (26, 0.5)  (27, 0.5) 
2411:  (26, 0.5)  (27, 0.5) 
2412:  (25, 0.5)  (26, 0.5) 
2413:  (25, 0.5)  (26, 0.5) 
2414:  (25, 0.5)  (26, 0.5) 
2415:  (25, 0.5)  (26, 0.5) 
2416:  (25, 0.5)  (26, 0.5) 
2417:  (25, 0.5)  (26, 0.5) 
2418:  (25, 0.5)  (26, 0.5) 
2419:  (25, 0.5)  (26, 0.5) 
2420:  (25, 0.5)  (26, 0.5) 
2421:  (26, 0.5)  (27, 0.5) 
2422:  (26, 0.5)  (27, 0.5) 
2423:  (26, 0.5)  (27, 0.5) 
2424:  (25, 0.5)  (26, 0.5) 
2425:  (25, 0.5)  (26, 0.5) 
2426:  (25, 0.5)  (26, 0.5) 
2427:  (25, 0.5)  (26, 0.5) 
2428:  (25, 0.5)  (26, 0.5) 
2429:  (25, 0.5)  (26, 0.5) 
2430:  (24, 0.5)  (25, 0.5) 
2431:  (24, 0.5)  (25, 0.5) 
2432:  (24, 0.5)  (25, 0.5) 
2433:  (24, 0.5)  (25, 0.5) 
2434:  (24, 0.5)  (25, 0.5) 
2435:  (24, 0.5)  (25, 0.5) 
2436:  (25, 1) 
2437:  (25, 1) 
2438:  (25, 1) 
2439:  (25, 0.5)  (26, 0.5) 
2440:  (25, 0.5)  (26, 0.5) 
2441:  (25, 0.5)  (26, 0.5) 
2442:  (24, 1) 
2443:  (24, 1) 
2444:  (24, 1) 
2445:  (24, 1) 
2446:  (24, 1) 
2447:  (24, 1) 
2448:  (24, 1) 
2449:  (24, 1) 
2450:  (24, 1) 
2451:  (24, 1) 
2452:  (24, 1) 
2453:  (24, 1) 
2454:  (24, 1) 
2455:  (24, 1) 
2456:  (24, 1) 
2457:  (24, 1) 
2458:  (24, 1) 
2459:  (24, 1) 
2460:  (26, 0.5)  (27, 0.5) 
2461:  (26, 0.5)  (27, 0.5) 
2462:  (26, 0.5)  (27, 0.5) 
2463:  (26, 0.5)  (27, 0.5) 
2464:  (26, 0.5)  (27, 0.5) 
2465:  (26, 0.5)  (27, 0.5) 
2466:  (26, 0.5)  (27, 0.5) 
2467:  (26, 0.5)  (27, 0.5) 
2468:  (26, 0.5)  (27, 0.5) 
2469:  (26, 0.5)  (27, 0.5) 
2470:  (26, 0.5)  (27, 0.5) 
2471:  (26, 0.5)  (27, 0.5) 
2472:  (26, 0.5)  (27, 0.5) 
2473:  (26, 0.5)  (27, 0.5) 
2474:  (26, 0.5)  (27, 0.5) 
2475:  (26, 0.5)  (27, 0.5) 
2476:  (26, 0.5)  (27, 0.5) 
2477:  (26, 0.5)  (27, 0.5) 
2478:  (26, 0.5)  (27, 0.5) 
2479:  (26, 0.5)  (27, 0.5) 
2480:  (26, 0.5)  (27, 0.5) 
2481:  (26, 0.5)  (27, 0.5) 
2482:  (26, 0.5)  (27, 0.5) 
2483:  (26, 0.5)  (27, 0.5) 
2484:  (26, 0.5)  (27, 0.5) 
2485:  (26, 0.5)  (27, 0.5) 
2486:  (26, 0.5)  (27, 0.5) 
2487:  (26, 0.5)  (27, 0.5) 
2488:  (26, 0.5)  (27, 0.5) 
2489:  (26, 0.5)  (27, 0.5) 
2490:  (26, 0.5)  (27, 0.5) 
2491:  (26, 0.5)  (27, 0.5) 
2492:  (26, 0.5)  (27, 0.5) 
2493:  (26, 0.5)  (27, 0.5) 
2494:  (26, 0.5)  (27, 0.5) 
2495:  (26, 0.5)  (27, 0.5) 
2496:  (26, 0.5)  (27, 0.5) 
2497:  (26, 0.5)  (27, 0.5) 
2498:  (26, 0.5)  (27, 0.5) 
2499:  (26, 0.5)  (27, 0.5) 
2500:  (26, 0.5)  (27, 0.5) 
2501:  (26, 0.5)  (27, 0.5) 
2502:  (26, 0.5)  (27, 0.5) 
2503:  (26, 0.5)  (27, 0.5) 
2504:  (26, 0.5)  (27, 0.5) 
2505:  (25, 1) 
2506:  (25, 1) 
2507:  (25, 1) 
2508:  (24, 0.5)  (25, 0.5) 
2509:  (24, 0.5)  (25, 0.5) 
2510:  (24, 0.5)  (25, 0.5) 
2511:  (25, 1) 
2512:  (25, 1) 
2513:  (25, 1) 
2514:  (24, 1) 
2515:  (24, 1) 
2516:  (24, 1) 
2517:  (24, 1) 
2518:  (24, 1) 
2519:  (24, 1) 
2520:  (24, 1) 
2521:  (24, 1) 
2522:  (24, 1) 
2523:  (24, 1) 
2524:  (24, 1) 
2525:  (24, 1) 
2526:  (24, 1) 
2527:  (24, 1) 
2528:  (24, 1) 
2529:  (24, 1) 
2530:  (24, 1) 
2531:  (24, 1) 
2532:  (24, 0.5)  (25, 0.5) 
2533:  (24, 0.5)  (25, 0.5) 
2534:  (24, 0.5)  (25, 0.5) 
2535:  (25, 1) 
2536:  (25, 1) 
2537:  (25, 1) 
2538:  (25, 1) 
2539:  (25, 1) 
2540:  (25, 1) 
2541:  (24, 0.5)  (25, 0.5) 
2542:  (24, 0.5)  (25, 0.5) 
2543:  (24, 0.5)  (25, 0.5) 
2544:  (24, 1) 
2545:  (24, 1) 
2546:  (24, 1) 
2547:  (24, 0.5)  (25, 0.5) 
2548:  (24, 0.5)  (25, 0.5) 
2549:  (24, 0.5)  (25, 0.5) 
2550:  (24, 0.5)  (25, 0.5) 
2551:  (24, 0.5)  (25, 0.5) 
2552:  (24, 0.5)  (25, 0.5) 
2553:  (24, 0.5)  (25, 0.5) 
2554:  (24, 0.5)  (25, 0.5) 
2555:  (24, 0.5)  (25, 0.5) 
2556:  (24, 1) 
2557:  (24, 1) 
2558:  (24, 1) 
2559:  (24, 1) 
2560:  (24, 1) 
2561:  (24, 1) 
2562:  (24, 1) 
2563:  (24, 1) 
2564:  (24, 1) 
2565:  (24, 1) 
2566:  (24, 1) 
2567:  (24, 1) 
2568:  (24, 1) 
2569:  (24, 1) 
2570:  (24, 1) 
2571:  (24, 1) 
2572:  (24, 1) 
2573:  (24, 1) 
2574:  (24, 1) 
2575:  (24, 1) 
2576:  (24, 1) 
2577:  (24, 1) 
2578:  (24, 1) 
2579:  (24, 1) 
2580:  (24, 0.5)  (25, 0.5) 
2581:  (24, 0.5)  (25, 0.5) 
2582:  (24, 0.5)  (25, 0.5) 
2583:  (24, 1) 
2584:  (24, 1) 
2585:  (24, 1) 
2586:  (24, 1) 
2587:  (24, 1) 
2588:  (24, 1) 
2589:  (24, 1) 
2590:  (24, 1) 
2591:  (24, 1) 
2592:  (24, 1) 
2593:  (24, 1) 
2594:  (24, 1) 
2595:  (24, 1) 
2596:  (24, 1) 
2597:  (24, 1) 
2598:  (24, 1) 
2599:  (24, 1) 
2600:  (24, 1) 
2601:  (24, 1) 
2602:  (24, 1) 
2603:  (24, 1) 
2604:  (24, 1) 
2605:  (24, 1) 
2606:  (24, 1) 
2607:  (24, 1) 
2608:  (24, 1) 
2609:  (24, 1) 
2610:  (24, 1) 
2611:  (24, 1) 
2612:  (24, 1) 
2613:  (24, 1) 
2614:  (24, 1) 
2615:  (24, 1) 
2616:  (24, 1) 
2617:  (24, 1) 
2618:  (24, 1) 
2619:  (24, 1) 
2620:  (24, 1) 
2621:  (24, 1) 
2622:  (24, 1) 
2623:  (24, 1) 
2624:  (24, 1) 
2625:  (24, 1) 
2626:  (24, 1) 
2627:  (24, 1) 
2628:  (24, 1) 
2629:  (24, 1) 
2630:  (24, 1) 
2631:  (24, 1) 
2632:  (24, 1) 
2633:  (24, 1) 
2634:  (24, 1) 
2635:  (24, 1) 
2636:  (24, 1) 
2637:  (24, 1) 
2638:  (24, 1) 
2639:  (24, 1) 
2640:  (24, 1) 
2641:  (24, 1) 
2642:  (24, 1) 
2643:  (24, 1) 
2644:  (24, 1) 
2645:  (24, 1) 
2646:  (24, 1) 
2647:  (24, 1) 
2648:  (24, 1) 
2649:  (19, 1) 
2650:  (19, 1) 
2651:  (19, 1) 
2652:  (19, 1) 
2653:  (19, 1) 
2654:  (19, 1) 
2655:  (19, 1) 
2656:  (19, 1) 
2657:  (19, 1) 
2658:  (19, 1) 
2659:  (19, 1) 
2660:  (19, 1) 
2661:  (19, 1) 
2662:  (19, 1) 
2663:  (19, 1) 
2664:  (19, 1) 
2665:  (19, 1) 
2666:  (19, 1) 
2667:  (19, 1) 
2668:  (19, 1) 
2669:  (19, 1) 
2670:  (19, 1) 
2671:  (19, 1) 
2672:  (19, 1) 
2673:  (19, 1) 
2674:  (19, 1) 
2675:  (19, 1) 
2676:  (19, 1) 
2677:  (19, 1) 
2678:  (19, 1) 
2679:  (19, 1) 
2680:  (19, 1) 
2681:  (19, 1) 
2682:  (19, 1) 
2683:  (19, 1) 
2684:  (19, 1) 
2685:  (19, 1) 
2686:  (19, 1) 
2687:  (19, 1) 
2688:  (19, 1) 
2689:  (19, 1) 
2690:  (19, 1) 
2691:  (19, 1) 
2692:  (19, 1) 
2693:  (19, 1) 
2694:  (19, 1) 
2695:  (19, 1) 
2696:  (19, 1) 
2697:  (19, 1) 
2698:  (19, 1) 
2699:  (19, 1) 
2700:  (19, 1) 
2701:  (19, 1) 
2702:  (19, 1) 
2703:  (19, 1) 
2704:  (19, 1) 
2705:  (19, 1) 
2706:  (19, 1) 
2707:  (19, 1) 
2708:  (19, 1) 
2709:  (19, 1) 
2710:  (19, 1) 
2711:  (19, 1) 
2712:  (19, 1) 
2713:  (19, 1) 
2714:  (19, 1) 
2715:  (19, 1) 
2716:  (19, 1) 
2717:  (19, 1) 
2718:  (20, 1) 
2719:  (20, 1) 
2720:  (20, 1) 
2721:  (20, 1) 
2722:  (20, 1) 
2723:  (20, 1) 
2724:  (20, 1) 
2725:  (20, 1) 
2726:  (20, 1) 
2727:  (20, 1) 
2728:  (20, 1) 
2729:  (20, 1) 
2730:  (19, 1) 
2731:  (19, 1) 
2732:  (19, 1) 
2733:  (19, 1) 
2734:  (19, 1) 
2735:  (19, 1) 
2736:  (19, 0.5)  (20, 0.5) 
2737:  (19, 0.5)  (20, 0.5) 
2738:  (19, 0.5)  (20, 0.5) 
2739:  (19, 1) 
2740:  (19, 1) 
2741:  (19, 1) 
2742:  (19, 0.5)  (20, 0.5) 
2743:  (19, 0.5)  (20, 0.5) 
2744:  (19, 0.5)  (20, 0.5) 
2745:  (19, 0.5)  (20, 0.5) 
2746:  (19, 0.5)  (20, 0.5) 
2747:  (19, 0.5)  (20, 0.5) 
2748:  (19, 1) 
2749:  (19, 1) 
2750:  (19, 1) 
2751:  (19, 0.5)  (20, 0.5) 
2752:  (19, 0.5)  (20, 0.5) 
2753:  (19, 0.5)  (20, 0.5) 
2754:  (19, 1) 
2755:  (19, 1) 
2756:  (19, 1) 
2757:  (19, 1) 
2758:  (19, 1) 
2759:  (19, 1) 
2760:  (19, 1) 
2761:  (19, 1) 
2762:  (19, 1) 
2763:  (19, 1) 
2764:  (19, 1) 
2765:  (19, 1) 
2766:  (19, 1) 
2767:  (19, 1) 
2768:  (19, 1) 
2769:  (19, 1) 
2770:  (19, 1) 
2771:  (19, 1) 
2772:  (19, 1) 
2773:  (19, 1) 
2774:  (19, 1) 
2775:  (19, 1) 
2776:  (19, 1) 
2777:  (19, 1) 
2778:  (19, 1) 
2779:  (19, 1) 
2780:  (19, 1) 
2781:  (19, 1) 
2782:  (19, 1) 
2783:  (19, 1) 
2784:  (19, 1) 
2785:  (19, 1) 
2786:  (19, 1) 
2787:  (19, 1) 
2788:  (19, 1) 
2789:  (19, 1) 
2790:  (19, 1) 
2791:  (19, 1) 
2792:  (19, 1) 
2793:  (19, 0.5)  (20, 0.5) 
2794:  (19, 0.5)  (20, 0.5) 
2795:  (19, 0.5)  (20, 0.5) 
2796:  (19, 0.5)  (20, 0.5) 
2797:  (19, 0.5)  (20, 0.5) 
2798:  (19, 0.5)  (20, 0.5) 
2799:  (19, 1) 
2800:  (19, 1) 
2801:  (19, 1) 
2802:  (19, 1) 
2803:  (19, 1) 
2804:  (19, 1) 
2805:  (19, 1) 
2806:  (19, 1) 
2807:  (19, 1) 
2808:  (19, 0.5)  (20, 0.5) 
2809:  (19, 0.5)  (20, 0.5) 
2810:  (19, 0.5)  (20, 0.5) 
2811:  (19, 1) 
2812:  (19, 1) 
2813:  (19, 1) 
2814:  (19, 0.5)  (20, 0.5) 
2815:  (19, 0.5)  (20, 0.5) 
2816:  (19, 0.5)  (20, 0.5) 
2817:  (21, 0.5)  (22, 0.5) 
2818:  (21, 0.5)  (22, 0.5) 
2819:  (21, 0.5)  (22, 0.5) 
2820:  (21, 0.5)  (22, 0.5) 
2821:  (21, 0.5)  (22, 0.5) 
2822:  (21, 0.5)  (22, 0.5) 
2823:  (21, 0.5)  (22, 0.5) 
2824:  (21, 0.5)  (22, 0.5) 
2825:  (21, 0.5)  (22, 0.5) 
2826:  (19, 0.5)  (20, 0.5) 
2827:  (19, 0.5)  (20, 0.5) 
2828:  (19, 0.5)  (20, 0.5) 
2829:  (19, 1) 
2830:  (19, 1) 
2831:  (19, 1) 
2832:  (19, 0.5)  (20, 0.5) 
2833:  (19, 0.5)  (20, 0.5) 
2834:  (19, 0.5)  (20, 0.5) 
2835:  (19, 1) 
2836:  (19, 1) 
2837:  (19, 1) 
2838:  (21, 0.5)  (22, 0.5) 
2839:  (21, 0.5)  (22, 0.5) 
2840:  (21, 0.5)  (22, 0.5) 
2841:  (20, 0.5)  (21, 0.5) 
2842:  (20, 0.5)  (21, 0.5) 
2843:  (20, 0.5)  (21, 0.5) 
2844:  (20, 0.5)  (21, 0.5) 
2845:  (20, 0.5)  (21, 0.5) 
2846:  (20, 0.5)  (21, 0.5) 
2847:  (21, 0.5)  (22, 0.5) 
2848:  (21, 0.5)  (22, 0.5) 
2849:  (21, 0.5)  (22, 0.5) 
2850:  (21, 0.5)  (22, 0.5) 
2851:  (21, 0.5)  (22, 0.5) 
2852:  (21, 0.5)  (22, 0.5) 
2853:  (20, 0.5)  (21, 0.5) 
2854:  (20, 0.5)  (21, 0.5) 
2855:  (20, 0.5)  (21, 0.5) 
2856:  (20, 0.5)  (21, 0.5) 
2857:  (20, 0.5)  (21, 0.5) 
2858:  (20, 0.5)  (21, 0.5) 
2859:  (19, 0.5)  (20, 0.5) 
2860:  (19, 0.5)  (20, 0.5) 
2861:  (19, 0.5)  (20, 0.5) 
2862:  (20, 1) 
2863:  (20, 1) 
2864:  (20, 1) 
2865:  (20, 0.5)  (21, 0.5) 
2866:  (20, 0.5)  (21, 0.5) 
2867:  (20, 0.5)  (21, 0.5) 
2868:  (20, 0.5)  (21, 0.5) 
2869:  (20, 0.5)  (21, 0.5) 
2870:  (20, 0.5)  (21, 0.5) 
2871:  (19, 0.5)  (20, 0.5) 
2872:  (19, 0.5)  (20, 0.5) 
2873:  (19, 0.5)  (20, 0.5) 
2874:  (20, 1) 
2875:  (20, 1) 
2876:  (20, 1) 
2877:  (19, 0.5)  (20, 0.5) 
2878:  (19, 0.5)  (20, 0.5) 
2879:  (19, 0.5)  (20, 0.5) 
2880:  (19, 0.5)  (20, 0.5) 
2881:  (19, 0.5)  (20, 0.5) 
2882:  (19, 0.5)  (20, 0.5) 
2883:  (19, 0.5)  (20, 0.5) 
2884:  (19, 0.5)  (20, 0.5) 
2885:  (19, 0.5)  (20, 0.5) 
2886:  (20, 1) 
2887:  (20, 1) 
2888:  (20, 1) 
2889:  (19, 0.5)  (20, 0.5) 
2890:  (19, 0.5)  (20, 0.5) 
2891:  (19, 0.5)  (20, 0.5) 
2892:  (19, 0.5)  (20, 0.5) 
2893:  (19, 0.5)  (20, 0.5) 
2894:  (19, 0.5)  (20, 0.5) 
2895:  (20, 1) 
2896:  (20, 1) 
2897:  (20, 1) 
2898:  (20, 1) 
2899:  (20, 1) 
2900:  (20, 1) 
2901:  (20, 0.5)  (21, 0.5) 
2902:  (20, 0.5)  (21, 0.5) 
2903:  (20, 0.5)  (21, 0.5) 
2904:  (20, 1) 
2905:  (20, 1) 
2906:  (20, 1) 
2907:  (20, 0.5)  (21, 0.5) 
2908:  (20, 0.5)  (21, 0.5) 
2909:  (20, 0.5)  (21, 0.5) 
2910:  (20, 0.5)  (21, 0.5) 
2911:  (20, 0.5)  (21, 0.5) 
2912:  (20, 0.5)  (21, 0.5) 
2913:  (21, 0.5)  (22, 0.5) 
2914:  (21, 0.5)  (22, 0.5) 
2915:  (21, 0.5)  (22, 0.5) 
2916:  (20, 0.5)  (21, 0.5) 
2917:  (20, 0.5)  (21, 0.5) 
2918:  (20, 0.5)  (21, 0.5) 
2919:  (20, 0.5)  (21, 0.5) 
2920:  (20, 0.5)  (21, 0.5) 
2921:  (20, 0.5)  (21, 0.5) 
2922:  (19, 0.5)  (20, 0.5) 
2923:  (19, 0.5)  (20, 0.5) 
2924:  (19, 0.5)  (20, 0.5) 
2925:  (20, 0.5)  (21, 0.5) 
2926:  (20, 0.5)  (21, 0.5) 
2927:  (20, 0.5)  (21, 0.5) 
2928:  (20, 0.5)  (21, 0.5) 
2929:  (20, 0.5)  (21, 0.5) 
2930:  (20, 0.5)  (21, 0.5) 
2931:  (19, 0.5)  (20, 0.5) 
2932:  (19, 0.5)  (20, 0.5) 
2933:  (19, 0.5)  (20, 0.5) 
2934:  (19, 0.5)  (20, 0.5) 
2935:  (19, 0.5)  (20, 0.5) 
2936:  (19, 0.5)  (20, 0.5) 
2937:  (19, 0.5)  (20, 0.5) 
2938:  (19, 0.5)  (20, 0.5) 
2939:  (19, 0.5)  (20, 0.5) 
2940:  (19, 0.5)  (20, 0.5) 
2941:  (19, 0.5)  (20, 0.5) 
2942:  (19, 0.5)  (20, 0.5) 
2943:  (20, 0.5)  (21, 0.5) 
2944:  (20, 0.5)  (21, 0.5) 
2945:  (20, 0.5)  (21, 0.5) 
2946:  (19, 0.5)  (20, 0.5) 
2947:  (19, 0.5)  (20, 0.5) 
2948:  (19, 0.5)  (20, 0.5) 
2949:  (21, 0.5)  (22, 0.5) 
2950:  (21, 0.5)  (22, 0.5) 
2951:  (21, 0.5)  (22, 0.5) 
2952:  (20, 0.5)  (21, 0.5) 
2953:  (20, 0.5)  (21, 0.5) 
2954:  (20, 0.5)  (21, 0.5) 
2955:  (21, 0.5)  (22, 0.5) 
2956:  (21, 0.5)  (22, 0.5) 
2957:  (21, 0.5)  (22, 0.5) 
2958:  (20, 0.5)  (21, 0.5) 
2959:  (20, 0.5)  (21, 0.5) 
2960:  (20, 0.5)  (21, 0.5) 
2961:  (21, 0.5)  (22, 0.5) 
2962:  (21, 0.5)  (22, 0.5) 
2963:  (21, 0.5)  (22, 0.5) 
2964:  (20, 0.5)  (21, 0.5) 
2965:  (20, 0.5)  (21, 0.5) 
2966:  (20, 0.5)  (21, 0.5) 
2967:  (21, 0.5)  (22, 0.5) 
2968:  (21, 0.5)  (22, 0.5) 
2969:  (21, 0.5)  (22, 0.5) 
2970:  (20, 0.5)  (21, 0.5) 
2971:  (20, 0.5)  (21, 0.5) 
2972:  (20, 0.5)  (21, 0.5) 
2973:  (21, 0.5)  (22, 0.5) 
2974:  (21, 0.5)  (22, 0.5) 
2975:  (21, 0.5)  (22, 0.5) 
2976:  (20, 0.5)  (21, 0.5) 
2977:  (20, 0.5)  (21, 0.5) 
2978:  (20, 0.5)  (21, 0.5) 
2979:  (21, 0.5)  (22, 0.5) 
2980:  (21, 0.5)  (22, 0.5) 
2981:  (21, 0.5)  (22, 0.5) 
2982:  (20, 0.5)  (21, 0.5) 
2983:  (20, 0.5)  (21, 0.5) 
2984:  (20, 0.5)  (21, 0.5) 
2985:  (21, 0.5)  (22, 0.5) 
2986:  (21, 0.5)  (22, 0.5) 
2987:  (21, 0.5)  (22, 0.5) 
2988:  (20, 0.5)  (21, 0.5) 
2989:  (20, 0.5)  (21, 0.5) 
2990:  (20, 0.5)  (21, 0.5) 
2991:  (21, 0.5)  (22, 0.5) 
2992:  (21, 0.5)  (22, 0.5) 
2993:  (21, 0.5)  (22, 0.5) 
2994:  (20, 0.5)  (21, 0.5) 
2995:  (20, 0.5)  (21, 0.5) 
2996:  (20, 0.5)  (21, 0.5) 
2997:  (20, 0.5)  (21, 0.5) 
2998:  (20, 0.5)  (21, 0.5) 
2999:  (20, 0.5)  (21, 0.5) 
3000:  (19, 0.5)  (20, 0.5) 
3001:  (19, 0.5)  (20, 0.5) 
3002:  (19, 0.5)  (20, 0.5) 
3003:  (20, 0.5)  (21, 0.5) 
3004:  (20, 0.5)  (21, 0.5) 
3005:  (20, 0.5)  (21, 0.5) 
3006:  (19, 0.5)  (20, 0.5) 
3007:  (19, 0.5)  (20, 0.5) 
3008:  (19, 0.5)  (20, 0.5) 
3009:  (20, 0.5)  (21, 0.5) 
3010:  (20, 0.5)  (21, 0.5) 
3011:  (20, 0.5)  (21, 0.5) 
3012:  (20, 1) 
3013:  (20, 1) 
3014:  (20, 1) 
3015:  (19, 1) 
3016:  (19, 1) 
3017:  (19, 1) 
3018:  (19, 1) 
3019:  (19, 1) 
3020:  (19, 1) 
3021:  (19, 1) 
3022:  (19, 1) 
3023:  (19, 1) 
3024:  (19, 1) 
3025:  (19, 1) 
3026:  (19, 1) 
3027:  (19, 1) 
3028:  (19, 1) 
3029:  (19, 1) 
3030:  (19, 1) 
3031:  (19, 1) 
3032:  (19, 1) 
3033:  (21, 0.5)  (22, 0.5) 
3034:  (21, 0.5)  (22, 0.5) 
3035:  (21, 0.5)  (22, 0.5) 
3036:  (21, 0.5)  (22, 0.5) 
3037:  (21, 0.5)  (22, 0.5) 
3038:  (21, 0.5)  (22, 0.5) 
3039:  (21, 0.5)  (22, 0.5) 
3040:  (21, 0.5)  (22, 0.5) 
3041:  (21, 0.5)  (22, 0.5) 
3042:  (21, 0.5)  (22, 0.5) 
3043:  (21, 0.5)  (22, 0.5) 
3044:  (21, 0.5)  (22, 0.5) 
3045:  (21, 0.5)  (22, 0.5) 
3046:  (21, 0.5)  (22, 0.5) 
3047:  (21, 0.5)  (22, 0.5) 
3048:  (21, 0.5)  (22, 0.5) 
3049:  (21, 0.5)  (22, 0.5) 
3050:  (21, 0.5)  (22, 0.5) 
3051:  (21, 0.5)  (22, 0.5) 
3052:  (21, 0.5)  (22, 0.5) 
3053:  (21, 0.5)  (22, 0.5) 
3054:  (21, 0.5)  (22, 0.5) 
3055:  (21, 0.5)  (22, 0.5) 
3056:  (21, 0.5)  (22, 0.5) 
3057:  (21, 0.5)  (22, 0.5) 
3058:  (21, 0.5)  (22, 0.5) 
3059:  (21, 0.5)  (22, 0.5) 
3060:  (21, 0.5)  (22, 0.5) 
3061:  (21, 0.5)  (22, 0.5) 
3062:  (21, 0.5)  (22, 0.5) 
3063:  (21, 0.5)  (22, 0.5) 
3064:  (21, 0.5)  (22, 0.5) 
3065:  (21, 0.5)  (22, 0.5) 
3066:  (21, 0.5)  (22, 0.5) 
3067:  (21, 0.5)  (22, 0.5) 
3068:  (21, 0.5)  (22, 0.5) 
3069:  (21, 0.5)  (22, 0.5) 
3070:  (21, 0.5)  (22, 0.5) 
3071:  (21, 0.5)  (22, 0.5) 
3072:  (21, 0.5)  (22, 0.5) 
3073:  (21, 0.5)  (22, 0.5) 
3074:  (21, 0.5)  (22, 0.5) 
3075:  (21, 0.5)  (22, 0.5) 
3076:  (21, 0.5)  (22, 0.5) 
3077:  (21, 0.5)  (22, 0.5) 
3078:  (20, 1) 
3079:  (20, 1) 
3080:  (20, 1) 
